100        101        102        103        104        105        106        107        108        109        110        111        112        113        114        115        116        117        118        119        120        
-77.4150   -148.6429  -148.2197  -130.9228  -148.8378  -98.3098   -52.1341   -82.3742   -60.5945   84.9642    -86.6725   -113.4953  -157.7829  -76.1782   -142.6213  -98.1927   -80.3456   -137.8807  -149.8223  61.7426    88.3224    
-63.6171   -146.7654  -142.8153  -102.5955  -126.7757  -101.6535  -86.5453   -100.3025  -57.4186   71.7614    -91.1539   -88.2205   -143.4025  -70.5707   -115.4109  -88.4431   -67.5871   -127.8589  -146.2735  50.9465    102.5751   
-77.0058   -123.8764  -146.1731  -106.4164  -137.9325  -67.3860   -88.8433   -127.3175  -42.2573   82.5078    -70.3771   -123.3751  -141.5319  -96.4751   -137.7708  -120.8094  -66.0618   -134.4761  -131.5485  51.1089    82.7236    
-78.3016   -142.0095  -124.2227  -119.7793  -133.8441  -80.1188   -56.9903   -106.4296  -41.7334   84.6252    -66.8745   -104.7011  -140.7264  -88.6031   -115.2999  -95.6181   -70.1173   -156.9198  -127.8198  54.1170    73.4777    
-64.2885   -127.2615  -157.5780  -114.2088  -154.3337  -68.1820   -63.0632   -100.7684  -64.1861   95.1546    -83.2290   -85.7032   -145.6349  -86.7606   -82.5202   -130.3580  -64.6619   -156.5543  -139.5678  57.6300    62.8364    
-64.7834   -152.7510  -151.4133  -112.1193  -111.8840  -108.1455  -56.9323   -107.7801  -48.7408   89.1243    -79.7473   -108.3464  -159.1921  -92.4445   -139.2109  -104.9879  -61.5776   -142.6116  -132.7979  53.4356    75.0207    
-62.7573   -156.5325  -136.0303  -90.9967   -143.5333  -76.6107   -101.3615  -120.4808  -50.7562   79.4948    -75.5635   -128.7480  -163.3947  -87.3682   -127.1640  -100.1621  -76.7622   -145.5977  -146.2684  62.4614    86.3089    
-84.0850   -146.4292  -145.9989  -79.3590   -137.7391  -87.5708   -112.1607  -94.1427   -55.3090   75.0465    -71.4973   -95.3619   -153.3534  -87.3754   -103.1545  -97.7267   -76.5677   -133.0560  -145.0380  51.6525    78.1716    
-71.7465   -149.2475  -152.4692  -102.0999  -126.4995  -97.9386   -68.7522   -119.2660  -43.7878   101.6950   -73.1647   -117.6369  -135.8634  -91.8515   -122.3435  -108.1412  -86.4481   -145.9631  -150.8193  55.3996    73.9474    
-58.0353   -151.4813  -146.4055  -98.5169   -144.5621  -93.1866   -70.8802   -73.0187   -35.9849   74.4090    -79.1358   -99.5997   -145.0992  -79.7540   -95.4015   -121.5288  -76.9245   -131.9746  -126.5094  49.8510    93.8880    
-66.6992   -127.7104  -151.4456  -148.1697  -160.6235  -123.7490  -87.1512   -69.7612   -46.3151   97.7361    -60.8312   -99.4673   -152.9066  -80.8876   -120.2012  -79.6765   -79.7194   -156.7394  -141.9905  56.4407    74.8399    
-69.1250   -139.6126  -146.2938  -87.7343   -123.9868  -89.4433   -113.2320  -92.2292   -49.8845   80.1990    -61.0596   -85.9284   -156.9367  -80.3923   -129.7388  -117.4359  -74.9943   -142.6871  -149.4808  55.8370    87.2842    
-64.0000   -146.1337  -140.4782  -112.3127  -131.9355  -82.4018   -83.3390   -98.6994   -66.1050   89.6883    -67.3043   -84.0238   -151.4681  -71.9712   -126.2457  -112.4177  -74.1280   -157.7151  -155.5978  51.8327    66.6814    
-76.1415   -133.6866  -165.3771  -119.4369  -143.6059  -91.8537   -72.2188   -110.4186  -47.5632   84.4511    -71.6740   -97.3202   -145.9751  -54.4606   -121.4240  -116.1493  -99.6949   -146.3535  -162.5495  58.4579    64.8333    
-54.5624   -145.6084  -159.7006  -135.9244  -144.8367  -79.1828   -50.2850   -121.8761  -48.3285   82.3585    -58.7707   -112.4161  -151.6872  -79.3327   -96.8022   -106.0384  -88.9762   -141.7414  -135.4476  56.9323    85.6988    
-68.6179   -144.6236  -157.4960  -121.2785  -160.2438  -66.7949   -89.0016   -95.5929   -72.9861   77.2204    -83.6547   -122.8883  -156.7267  -71.8316   -131.6194  -126.0061  -90.1909   -149.2890  -146.2098  41.1272    76.8776    
-43.9911   -144.3813  -150.0289  -103.0524  -142.5688  -66.9229   -82.1679   -56.1128   -52.7501   72.7655    -76.6648   -96.5255   -149.5233  -99.5400   -81.3846   -97.3966   -62.3379   -147.6582  -141.7811  51.2301    89.3250    
-72.5634   -161.9652  -155.6863  -90.1641   -146.5254  -73.0411   -72.2215   -101.1940  -66.3447   74.0737    -57.6983   -113.2606  -144.7129  -76.9405   -137.3032  -134.7184  -85.4987   -166.0818  -141.9548  49.2957    74.0306    
-59.2824   -134.1209  -137.4158  -77.5532   -147.2102  -82.1222   -100.7929  -124.5665  -51.3094   85.5437    -73.2023   -102.4493  -145.2355  -71.1264   -110.2025  -123.3150  -85.0319   -155.4923  -149.1659  58.2496    70.0431    
-61.3756   -134.4651  -144.8026  -110.4156  -129.0103  -101.1218  -63.2986   -103.7821  -60.3172   86.8221    -56.9937   -104.7060  -155.0826  -106.1070  -146.2428  -108.4377  -71.5972   -159.4092  -135.1942  47.3495    71.3715    
-68.0706   -149.3929  -125.6248  -112.9923  -141.0499  -98.0442   -92.4945   -135.7658  -59.0670   84.8968    -90.1962   -110.9444  -165.3113  -107.5171  -89.7623   -104.9989  -81.9439   -157.2775  -155.0459  49.0717    77.8764    
-69.0224   -160.9376  -146.5948  -111.6344  -155.9124  -97.7577   -79.5422   -102.8795  -57.6257   84.0135    -68.4238   -111.3347  -166.6439  -88.6109   -102.8031  -122.8699  -80.1019   -162.7556  -151.8363  58.2010    69.9489    
-85.1734   -139.7635  -156.6024  -94.1863   -149.4050  -88.7555   -96.2123   -80.7773   -55.1760   74.7926    -61.4129   -127.4366  -155.2933  -97.8661   -82.7431   -110.0783  -82.3871   -155.1116  -156.7838  60.8102    65.4218    
-62.3270   -159.6572  -148.9598  -99.1356   -135.7759  -106.3099  -109.4681  -128.5448  -48.2962   105.4531   -81.8980   -118.8140  -152.0483  -97.5691   -105.4173  -103.4905  -73.1411   -162.5916  -140.4841  46.3668    80.2645    
-68.3047   -149.6863  -141.8627  -90.0255   -161.9492  -108.9189  -83.7600   -79.5310   -54.3251   90.5918    -54.3968   -128.1227  -142.6736  -87.0188   -115.2510  -126.7637  -71.0671   -162.8699  -137.8043  46.0812    99.7718    
-76.4508   -124.7871  -136.9200  -117.5066  -135.2737  -65.0031   -102.3650  -107.9867  -55.5048   71.4197    -88.0335   -100.2187  -125.7712  -75.8064   -105.9352  -90.0467   -96.5887   -136.2236  -145.0504  55.0016    95.3072    
-65.0223   -141.8039  -145.8445  -85.1811   -144.3787  -81.4727   -49.6998   -119.4343  -57.2964   100.4088   -90.1677   -119.2725  -158.8147  -89.7484   -116.0316  -118.3142  -56.6091   -141.6553  -131.3605  56.6108    74.6093    
-72.1951   -158.2942  -159.3774  -85.6649   -110.9013  -77.5248   -69.4029   -106.1953  -57.8247   66.6525    -72.0467   -104.9574  -141.7149  -89.1833   -125.6991  -108.3797  -81.1983   -160.2380  -145.2692  46.9578    101.0917   
-65.7603   -146.1810  -129.4691  -102.1338  -111.9105  -104.9795  -74.9037   -129.7750  -52.6224   91.1543    -76.0721   -81.8516   -160.4574  -101.3594  -103.4473  -101.6239  -87.9929   -138.5944  -147.3856  57.9028    67.4076    
-67.6210   -153.8433  -140.9330  -95.3316   -100.5966  -89.5194   -98.4302   -100.6715  -60.3026   104.4404   -76.1798   -103.8788  -149.9957  -80.6499   -93.4177   -109.4448  -94.0376   -155.0665  -150.8444  38.6115    90.7787    
-62.6017   -104.9651  -156.7507  -130.0266  -145.7610  -94.9663   -69.0028   -80.8636   -66.1051   102.4781   -72.2547   -107.6257  -145.5888  -75.6689   -71.6353   -125.0985  -50.5470   -154.8124  -142.3822  61.9290    66.8953    
-65.9480   -138.7131  -146.2381  -84.6158   -150.1099  -84.8506   -57.5483   -133.7523  -60.2504   74.6281    -81.1355   -112.7704  -159.3626  -72.9947   -123.8012  -89.3606   -77.3000   -141.0393  -150.2210  46.7789    74.6145    
-75.0300   -125.6738  -146.1193  -80.7817   -148.8325  -111.3724  -81.7762   -99.5677   -54.7158   76.2269    -79.6076   -99.0360   -145.1144  -104.9351  -126.3475  -82.8706   -74.3677   -145.4435  -145.7923  51.6252    82.6526    
-52.0618   -136.6661  -120.6455  -122.9231  -142.9064  -86.4222   -79.1908   -120.5731  -40.0925   76.9718    -71.9229   -106.3692  -132.2313  -95.8864   -97.6064   -100.5314  -79.8401   -158.3046  -132.8594  52.2754    81.7971    
-69.4295   -144.4051  -150.0961  -108.2047  -144.0515  -85.4023   -80.0809   -129.3485  -48.5333   85.7722    -71.8090   -111.5455  -162.6579  -85.1217   -82.1612   -102.6738  -70.4452   -136.5570  -142.8959  62.0095    75.3970    
-57.9102   -125.6656  -145.9244  -105.5111  -110.4875  -97.0166   -72.0244   -113.5449  -66.5126   85.2045    -83.7223   -104.1231  -138.6238  -60.4585   -127.1766  -83.2399   -90.1298   -141.8209  -148.1156  54.4076    84.1638    
-64.6966   -142.4862  -149.7073  -107.4111  -160.7356  -121.1492  -90.6684   -121.2820  -45.6657   92.5796    -78.4910   -116.5573  -151.5473  -90.0963   -131.1258  -104.1272  -62.4136   -140.2238  -132.8176  51.0021    92.2475    
-71.8493   -117.9761  -150.1493  -127.5043  -146.8823  -90.7229   -59.4108   -89.3772   -67.8333   82.7243    -71.2493   -107.4694  -166.4196  -74.1961   -136.5476  -88.6220   -90.0283   -132.8233  -133.0663  52.6472    71.7294    
-72.1460   -152.5560  -145.3244  -109.7912  -84.2682   -79.5623   -97.2799   -117.5144  -45.4383   72.9485    -78.0841   -105.6717  -156.8006  -80.1732   -135.4382  -101.5821  -58.5220   -144.3204  -130.1385  46.1800    65.8301    
-84.3111   -144.0312  -150.4791  -114.0316  -142.6232  -87.4686   -85.2607   -124.2554  -42.4809   88.5468    -73.0845   -91.7244   -156.8326  -85.6765   -143.3477  -95.0913   -70.8291   -138.1196  -134.9159  47.8097    85.4848    
-73.1095   -144.4731  -156.0641  -93.3327   -131.4309  -94.3442   -81.2134   -135.0118  -48.9511   84.8628    -78.2411   -93.0667   -146.1318  -78.3033   -134.9492  -96.2165   -87.9717   -153.5125  -150.2591  46.3197    84.6077    
-60.7291   -121.9913  -129.6271  -107.5161  -128.5380  -90.4183   -99.1116   -113.6229  -60.5401   84.7827    -91.2145   -88.0977   -140.2847  -88.1459   -124.8688  -127.0169  -71.4948   -156.3040  -130.4000  56.2298    100.0931   
-55.2465   -139.9901  -135.2294  -102.8592  -120.0726  -99.9608   -89.0596   -125.4770  -35.6095   102.9725   -79.6958   -87.1070   -145.9035  -69.8283   -128.8951  -117.4783  -81.3532   -159.1249  -142.1484  44.4622    54.7046    
-71.2219   -162.4067  -156.3319  -102.1912  -145.6512  -89.1870   -123.0821  -81.5020   -56.9515   108.6731   -73.9195   -107.6405  -164.4163  -82.9542   -130.8376  -77.7961   -78.4943   -140.0513  -141.0730  68.5900    56.8410    
-63.6980   -138.0087  -134.5334  -90.2282   -142.3643  -109.3931  -69.7995   -122.0202  -39.6697   83.2270    -79.5504   -131.2626  -144.4693  -69.9152   -123.0636  -96.2091   -81.6331   -145.3780  -133.7396  50.6761    60.4420    
-87.1248   -130.6094  -135.7016  -93.2990   -127.6495  -65.0209   -140.2263  -111.8563  -60.7467   86.8329    -73.4250   -97.6372   -137.6648  -101.9422  -130.6600  -91.5900   -83.9215   -159.7677  -149.9000  51.4847    66.7871    
-79.9837   -138.5844  -154.1663  -115.9233  -163.0524  -88.8368   -96.4331   -103.5736  -66.8710   106.0280   -67.3206   -100.4959  -151.2053  -66.7295   -112.4627  -115.9925  -86.5153   -130.0871  -148.5442  52.0969    80.5667    
-90.6508   -142.9259  -151.0818  -104.5339  -136.8699  -127.4980  -55.4318   -89.6528   -51.0204   50.7126    -83.9794   -111.5029  -166.0775  -81.3412   -104.8459  -94.2039   -70.4339   -153.3725  -146.7208  56.6358    69.2877    
-79.1661   -158.4423  -137.4051  -101.8317  -162.0755  -101.4078  -74.0604   -99.8060   -50.9910   73.5759    -79.4356   -107.5570  -163.9386  -78.3206   -125.3043  -113.0595  -91.2510   -156.6407  -142.2692  59.0307    73.1898    
-86.3943   -147.2891  -143.0451  -114.3725  -142.7443  -93.8553   -88.0044   -125.4009  -65.8813   110.2500   -106.4275  -124.6710  -148.8849  -72.1430   -127.1795  -122.2090  -71.6160   -155.8038  -138.7958  53.2697    75.7771    
-64.3235   -142.6967  -135.8711  -101.0328  -126.5574  -111.7217  -100.5811  -108.8379  -57.7099   79.3210    -95.6807   -134.6541  -141.2012  -78.8945   -123.7491  -115.4993  -82.2124   -143.5233  -119.3016  45.7541    69.4718    
-73.3079   -62.7709   -142.0403  -86.5366   -147.3544  -120.0578  -101.0530  -120.7704  -59.8306   100.4176   -78.3236   -143.5229  -151.2952  -64.1291   -122.1417  -85.0586   -74.6863   -156.0627  -145.3920  50.0614    82.5769    
-61.9438   -153.2612  -143.2107  -124.2839  -131.3538  -81.5470   -90.8401   -102.0882  -59.5612   77.5366    -84.0544   -123.7650  -143.2329  -77.2665   -128.1890  -87.0560   -87.0400   -155.9277  -145.8687  58.2685    63.8542    
-88.5635   -150.8656  -144.1379  -104.1843  -145.6503  -96.9129   -83.6480   -99.0075   -53.3164   86.5963    -60.5182   -103.5109  -134.2140  -66.6331   -90.3941   -120.2303  -53.5469   -141.6828  -130.7323  54.5760    79.0104    
-72.0085   -141.7314  -153.9943  -99.7030   -140.2240  -105.9776  -91.1656   -104.2722  -55.0720   95.5592    -79.7960   -87.6355   -155.7678  -77.0264   -116.6525  -128.2012  -68.8552   -158.0998  -145.9098  54.7237    68.8599    
-76.7988   -152.7062  -143.8033  -123.7437  -132.5404  -99.5598   -68.4034   -106.4968  -59.1046   121.1848   -46.2218   -107.8575  -148.2387  -74.1038   -109.2257  -100.0291  -88.1406   -133.9035  -135.5254  51.0808    73.1884    
-68.0236   -141.3747  -159.5161  -104.0472  -127.9505  -135.9649  -67.2089   -111.0759  -66.4884   77.8494    -72.1811   -107.9017  -158.9123  -86.7049   -75.5796   -116.8252  -72.5186   -164.6225  -150.6686  55.6637    75.2863    
-77.8938   -143.7588  -138.2460  -95.1568   -138.1414  -78.4500   -90.2003   -74.3298   -56.5483   101.5766   -85.2915   -105.4674  -156.3518  -76.2954   -109.6435  -87.5560   -72.2364   -140.1982  -138.2313  40.5867    71.2505    
-84.7811   -155.5951  -142.6015  -89.4643   -142.6615  -65.7354   -72.4478   -92.7812   -63.1617   70.2017    -64.0269   -133.8668  -152.4676  -83.1624   -135.0968  -94.6871   -82.1795   -163.2543  -139.8011  60.8564    86.5416    
-68.2860   -151.4690  -152.6232  -91.9501   -132.1525  -104.3038  -75.2953   -94.3459   -64.4569   78.6806    -80.8638   -107.1429  -136.0358  -74.8776   -128.0849  -87.3279   -78.5314   -147.5340  -140.5740  60.7724    80.4084    
-56.5380   -156.9504  -152.4403  -120.4457  -141.8243  -94.2575   -67.2978   -89.5295   -62.0527   63.5638    -71.9862   -87.4230   -151.9242  -80.9341   -118.7071  -102.7531  -81.2840   -129.7784  -130.0266  53.9163    75.4690    
-66.7041   -153.0670  -138.9147  -86.0148   -132.8414  -78.7141   -109.1777  -65.8293   -65.2400   76.7807    -52.5447   -114.0686  -158.9031  -89.5543   -117.5677  -134.2700  -102.9562  -126.5537  -141.4032  48.0967    77.9861    
-77.3727   -142.8327  -158.8801  -104.4007  -121.0259  -119.4546  -80.3525   -92.8869   -55.3711   96.5160    -76.4048   -106.2520  -164.7901  -84.9429   -130.6568  -101.8259  -81.5627   -146.6181  -145.7281  49.2474    85.2487    
-66.9813   -152.2579  -141.5127  -103.8804  -133.3423  -84.7120   -89.7326   -71.0816   -69.7146   103.5683   -67.8700   -106.9666  -164.6898  -74.1459   -121.5616  -110.0035  -73.9446   -126.0701  -146.2596  60.9682    76.2441    
-64.1205   -138.0549  -142.0699  -116.3388  -140.9568  -89.2158   -57.8595   -102.4209  -69.2831   113.6820   -78.7805   -95.5792   -164.5117  -80.6533   -138.5264  -110.2077  -60.3289   -147.3940  -153.2647  46.4237    64.6020    
-64.3295   -100.6183  -143.0474  -97.8753   -140.7564  -101.5551  -94.8368   -83.6939   -72.2937   85.6963    -58.4223   -124.2915  -150.9501  -77.9169   -122.2443  -100.6568  -73.7835   -132.4996  -148.3251  52.3294    81.6134    
-71.8280   -154.9383  -157.9663  -79.0001   -135.8506  -113.0946  -96.5987   -90.0160   -51.9016   105.4135   -66.9438   -112.2054  -133.5022  -70.4624   -125.4630  -117.3724  -79.8610   -149.5175  -145.6130  57.8425    78.8313    
-71.4579   -127.6430  -140.4722  -57.5798   -146.3145  -91.3343   -98.5084   -107.1642  -55.3823   102.9426   -67.6035   -103.7727  -138.1546  -50.8381   -132.5112  -94.3262   -77.5054   -106.2217  -138.3739  56.0411    72.5406    
-72.6419   -143.1820  -154.2964  -100.1228  -116.4449  -94.4353   -65.5913   -87.7633   -60.9685   84.6871    -69.5773   -93.0234   -152.1028  -65.1767   -122.0621  -104.4959  -72.4372   -140.6354  -140.1553  49.1115    72.4231    
-59.7465   -153.1464  -167.9851  -102.2066  -119.3509  -108.9450  -81.7166   -82.9413   -50.1807   91.0133    -80.9077   -133.5233  -147.9032  -81.1347   -80.4893   -114.8161  -78.4671   -134.8191  -149.4706  60.4303    88.9999    
-63.0793   -138.1360  -146.5820  -79.6221   -153.1464  -73.6319   -83.6824   -123.1001  -59.4694   87.7683    -73.6753   -93.2617   -148.9829  -64.9586   -112.3047  -97.9046   -85.4881   -161.2566  -129.6451  44.5095    82.3197    
-70.8403   -128.1218  -147.3713  -97.9160   -144.5611  -74.8264   -67.3620   -101.4683  -42.0293   96.2957    -61.7353   -83.2391   -155.5868  -83.3510   -128.4119  -102.9610  -64.6970   -159.3575  -155.6968  52.9177    79.3984    
-72.7332   -157.6892  -160.0131  -77.8063   -103.0091  -106.4206  -67.9466   -123.0111  -57.9931   76.1548    -65.0145   -106.8820  -161.4225  -90.7959   -120.8969  -99.3241   -78.4054   -147.3609  -127.2062  45.2985    67.9594    
-64.6661   -136.3016  -132.4798  -121.9252  -151.6268  -87.1504   -82.7975   -109.5679  -41.1712   78.5445    -69.6762   -119.1715  -158.9543  -82.2426   -124.2920  -119.5678  -70.2933   -140.3278  -131.6338  49.3817    66.5815    
-60.2545   -139.4568  -149.1925  -93.8596   -137.6539  -92.9255   -90.1031   -89.1195   -57.9957   81.8072    -60.5893   -114.9568  -163.7708  -81.9825   -123.7195  -92.5819   -87.3248   -150.8606  -126.1037  36.4738    78.9794    
-70.0013   -151.4925  -139.6686  -98.0618   -110.4240  -124.7613  -83.5069   -100.4190  -51.1194   113.7515   -82.0535   -84.0309   -151.3249  -58.8391   -122.1113  -95.6660   -55.8360   -154.7537  -150.9816  39.4576    67.5726    
-48.3211   -142.1934  -148.2200  -84.7855   -139.9999  -88.1646   -65.9040   -88.2553   -49.7623   56.9008    -84.1355   -69.1468   -163.2404  -82.0551   -122.8004  -116.4025  -63.2429   -137.0436  -141.4292  55.4557    75.7376    
-54.3432   -155.3665  -156.8363  -110.6423  -126.0012  -112.7631  -82.6915   -91.1085   -42.7552   80.9354    -79.3663   -109.2148  -162.6249  -92.6870   -95.5215   -111.4652  -81.1365   -140.9360  -157.1707  48.9064    73.1086    
-75.9947   -146.1261  -144.9969  -94.3958   -110.7000  -100.0335  -105.3425  -113.9277  -52.0414   87.0938    -93.5404   -96.2641   -155.7256  -91.9255   -111.3161  -102.2805  -58.7959   -133.0054  -149.1411  41.9611    81.3499    
-63.3831   -136.7941  -141.1034  -120.8548  -145.5434  -94.7676   -91.4529   -110.5010  -49.6049   101.1727   -82.3656   -100.1479  -138.7488  -101.2751  -112.7128  -120.5755  -69.3036   -141.4256  -143.8218  34.7526    73.0067    
-58.6679   -132.1854  -147.2515  -110.5412  -129.5041  -107.9129  -46.9239   -76.5514   -54.5265   79.5456    -62.8020   -75.9803   -142.0654  -98.2227   -131.9116  -106.3597  -109.2326  -149.9309  -144.1790  42.1828    62.8877    
-58.6810   -143.7647  -156.5454  -95.7174   -137.7905  -87.9085   -105.8341  -80.6216   -66.2580   114.5641   -74.1327   -88.0208   -134.7965  -106.0329  -131.4948  -125.2400  -75.2408   -144.2199  -149.2705  59.2383    62.8501    
-60.8802   -142.9066  -151.1218  -101.5796  -131.8514  -78.1688   -57.3226   -77.7788   -61.5660   73.3043    -66.6468   -114.3026  -158.2779  -84.6969   -108.3870  -111.2252  -66.9335   -141.2706  -133.7405  51.9225    102.8528   
-66.6492   -154.6512  -132.0365  -87.3844   -132.5643  -98.7170   -136.0008  -87.5232   -51.7090   97.5611    -70.2702   -92.8562   -138.6380  -73.7437   -149.2486  -102.3833  -79.5153   -143.5548  -143.0052  51.1177    73.8285    
-80.6982   -161.2570  -137.3667  -92.7528   -141.5284  -66.7451   -80.9233   -59.6744   -47.5223   61.5822    -60.8412   -102.1423  -155.6625  -86.3052   -113.8062  -120.5236  -74.4298   -131.9072  -136.8630  60.1172    78.1710    
-60.9804   -151.6858  -149.5272  -81.6957   -130.8946  -91.7583   -78.2434   -77.0953   -62.5396   109.6734   -53.9533   -102.9896  -148.2957  -83.1597   -94.3375   -95.5008   -57.7959   -137.4961  -149.9101  60.0031    74.2811    
-54.5372   -142.3744  -141.2127  -114.3966  -114.1640  -81.3922   -56.0485   -80.2816   -66.4756   75.2129    -69.1102   -93.5861   -155.3003  -84.4634   -135.4109  -138.2065  -81.0604   -148.4256  -135.1074  53.9146    72.7619    
-73.8988   -135.0166  -146.4303  -115.1413  -146.9902  -68.2035   -84.7206   -75.7593   -55.0756   80.7509    -62.9148   -102.9218  -154.2714  -104.2430  -116.2520  -104.5332  -85.7555   -117.8339  -135.2754  44.7084    84.2473    
-59.9698   -151.6233  -170.4470  -138.6809  -159.7635  -101.2854  -53.8670   -107.2546  -50.6703   84.9667    -71.7983   -108.7306  -153.1575  -97.2498   -123.0681  -91.9045   -82.9398   -151.1823  -141.1463  40.3504    49.4881    
-42.6265   -157.5383  -143.9845  -101.1860  -160.3404  -116.8287  -58.5434   -110.6889  -59.4136   75.2016    -64.5898   -87.2253   -154.0498  -80.5150   -137.8767  -114.8640  -75.0412   -155.0531  -147.2346  45.3159    75.4961    
-66.8012   -147.3576  -141.3486  -114.8043  -130.2270  -71.6666   -65.9214   -122.8379  -55.3801   76.4397    -74.7349   -105.0868  -158.8081  -86.6302   -137.1806  -120.7109  -89.5827   -144.3859  -146.8419  57.3494    84.9735    
-80.6521   -139.0338  -153.1640  -98.7314   -143.1985  -116.4195  -78.2358   -95.1692   -59.9766   86.8202    -67.8218   -85.9199   -147.7277  -94.5945   -133.5802  -131.5853  -57.0949   -135.5849  -159.0561  46.4294    72.0077    
-57.2005   -136.4739  -146.8643  -131.6358  -156.7122  -94.1497   -122.0064  -104.6226  -80.5721   93.5217    -84.4444   -113.1385  -141.2596  -98.7019   -129.1105  -113.0012  -83.3025   -156.4686  -153.5545  66.3149    61.5320    
-82.9640   -141.2081  -167.6934  -141.6073  -162.7921  -85.7367   -96.3181   -106.5880  -48.6330   112.8412   -72.3173   -119.4253  -152.6989  -75.7301   -110.9334  -111.5363  -83.2752   -149.2241  -144.2267  53.2357    92.8973    
-73.4568   -142.0691  -123.9927  -123.7854  -129.9828  -77.7919   -70.4481   -96.1966   -64.0761   92.7718    -87.2503   -109.9427  -147.3858  -82.0930   -121.4783  -98.7135   -84.3067   -134.3060  -142.8426  59.1818    83.8768    
-68.1725   -126.9873  -149.5592  -124.2949  -130.2889  -80.5032   -65.6428   -106.7427  -52.3064   95.3115    -66.7303   -98.7353   -157.8867  -83.3569   -98.6808   -84.6741   -60.6926   -133.5789  -132.8420  47.0691    70.3273    
-68.2061   -152.9590  -146.3374  -100.6813  -147.5532  -124.5535  -77.5340   -105.0480  -48.5242   83.7849    -77.4567   -103.6183  -158.5670  -70.0169   -112.0911  -110.0226  -79.7697   -144.7774  -126.8038  44.2575    89.1495    
-74.4715   -152.1042  -154.6977  -90.6555   -123.9188  -98.2730   -75.4739   -126.8893  -46.3415   79.9888    -69.4937   -110.3912  -150.5521  -100.5460  -103.4334  -87.9669   -79.4970   -136.1704  -136.2287  49.3527    79.3171    
-72.6279   -147.0225  -160.0416  -109.3284  -140.0003  -107.5861  -84.6168   -114.5379  -49.8432   84.4214    -59.9229   -100.4399  -150.7183  -88.8161   -103.8647  -73.3501   -85.9878   -135.7347  -148.5721  49.0375    67.7191    
-73.6668   -147.4249  -159.9664  -117.4314  -139.7701  -82.0115   -62.9365   -106.7430  -43.0630   78.6357    -75.2664   -86.4241   -141.1859  -72.3569   -147.3427  -89.4212   -64.0608   -148.9497  -143.3395  56.9378    58.1527    
-47.1598   -140.6954  -145.5179  -110.2519  -149.9243  -97.2640   -62.0744   -113.4546  -45.6100   88.4516    -58.6547   -119.0151  -145.7184  -85.8235   -130.4940  -110.3924  -69.5673   -135.1023  -144.1103  48.2779    69.7303    
-65.9210   -153.0142  -150.8822  -113.5403  -139.8625  -65.8233   -80.4044   -89.3141   -48.6456   94.8378    -64.4372   -112.8732  -157.3303  -96.1933   -96.3261   -92.5668   -76.6244   -151.8470  -146.6723  50.0250    85.6826    
-72.0747   -137.6012  -137.8904  -91.6626   -136.0825  -97.4586   -101.8366  -97.3175   -57.5181   68.1128    -60.8749   -128.5623  -165.2893  -84.3310   -120.7233  -94.3365   -73.2710   -104.6691  -159.5839  49.3798    83.3212    
-64.9309   -138.4986  -127.3466  -130.3943  -132.3962  -76.4011   -69.8757   -131.3214  -66.8014   82.7517    -84.7020   -80.8986   -142.9499  -79.8039   -131.2060  -103.5022  -87.3843   -158.3076  -134.4263  36.4357    77.8736    
-62.0729   -145.5504  -151.7267  -150.6114  -165.5671  -102.0083  -73.3723   -88.4535   -45.1957   110.0340   -83.1018   -99.4536   -144.1251  -92.2333   -130.5483  -110.0163  -84.8696   -143.8036  -143.6686  45.8219    99.9413    
-78.1083   -133.6371  -140.0753  -148.4256  -134.1289  -88.9927   -53.0830   -101.6631  -62.8079   90.9276    -80.8053   -116.4980  -160.1827  -95.6169   -91.3963   -102.7815  -67.8617   -153.2374  -147.6241  42.9467    94.1031    
-70.5319   -86.2920   -154.1372  -131.1441  -148.5578  -86.5709   -87.3751   -111.1460  -59.1386   81.6622    -67.5436   -109.4089  -138.5270  -104.3166  -129.4954  -87.6463   -71.8400   -166.0857  -143.6645  44.5043    80.5436    
-67.7635   -123.0049  -143.4455  -141.4003  -171.6976  -80.3370   -79.1672   -100.6700  -56.3489   95.8950    -82.2699   -86.2248   -160.0477  -93.5415   -124.5920  -111.9067  -59.4792   -152.7898  -127.5829  41.8469    63.6212    
-65.2671   -129.3638  -158.6119  -80.8959   -137.9086  -90.8268   -81.4603   -120.1736  -45.1337   63.7939    -78.1814   -102.2837  -154.6868  -76.0305   -136.9954  -97.7203   -86.5152   -124.2625  -136.6440  42.0621    76.2735    
-72.3870   -163.0497  -149.7273  -93.1263   -141.3285  -62.4644   -104.1994  -129.2419  -51.5972   79.2164    -64.2634   -120.4883  -142.8001  -78.5955   -150.4500  -114.6994  -71.1887   -148.4241  -146.6038  68.6640    69.7021    
-73.9718   -137.0400  -157.6120  -108.5311  -138.5774  -98.4798   -108.5163  -118.2684  -39.9257   89.9314    -53.2725   -102.0791  -154.6425  -60.9197   -123.3725  -112.8707  -74.1181   -136.8562  -152.8662  56.6070    69.6747    
-52.7253   -132.2111  -152.2935  -85.3779   -145.7049  -78.8918   -64.6634   -123.6226  -40.2733   77.7924    -57.2678   -109.2070  -149.1187  -91.0857   -137.2249  -117.1018  -74.5139   -163.8129  -147.2470  50.7126    81.2171    
-82.1425   -159.0350  -160.9662  -103.5021  -153.0287  -85.9212   -69.2305   -104.3264  -39.7071   77.2847    -56.7641   -110.0964  -146.1835  -77.0037   -136.0374  -112.7720  -90.8601   -136.1424  -142.2402  39.9280    71.0373    
-61.7172   -154.5971  -139.4340  -119.8358  -126.0169  -86.3580   -72.9573   -151.1022  -44.7283   102.3279   -64.7842   -99.0744   -156.8458  -73.1555   -126.6731  -97.7176   -88.5366   -163.5410  -141.1503  59.6512    78.4338    
-58.7965   -140.6380  -131.7410  -100.6925  -148.7210  -77.1623   -72.9166   -135.5342  -69.1995   89.4380    -71.3873   -114.9897  -146.4100  -70.9632   -151.0214  -108.3124  -61.1117   -145.5152  -142.8581  55.1287    78.3770    
-63.3680   -148.7868  -166.0010  -124.6240  -130.7885  -76.2453   -68.3722   -133.6294  -34.3173   90.1735    -57.0365   -141.2039  -148.7838  -64.0531   -144.9180  -138.4712  -83.8006   -139.6259  -139.6650  54.0703    79.9739    
-65.4070   -139.1198  -159.7260  -108.7140  -165.1069  -72.7783   -71.6000   -124.8326  -52.5652   106.2795   -76.5067   -95.5489   -137.9227  -63.9315   -149.0388  -120.6195  -67.4935   -119.3110  -132.5302  45.5307    77.9172    
-70.5560   -153.4702  -151.9551  -109.5617  -158.0910  -92.4834   -86.7596   -122.2714  -63.8420   90.7058    -88.0786   -110.2964  -161.6205  -88.9707   -145.0725  -118.1459  -84.2629   -156.0291  -146.2745  63.3934    79.5228    
-64.5909   -126.0949  -159.8545  -112.8898  -142.3745  -86.1279   -68.1910   -95.2595   -32.0499   92.2411    -55.8650   -117.5209  -150.2417  -66.8950   -139.7145  -99.3851   -87.8084   -145.2513  -129.2071  58.3745    88.2477    
-69.1145   -148.4254  -135.0101  -101.1052  -156.5312  -80.1214   -97.8311   -129.2093  -39.6563   90.8899    -78.4235   -122.3783  -144.1795  -70.9236   -131.4890  -129.9428  -88.1712   -142.4810  -131.1228  48.8747    71.3635    
-75.2227   -160.9209  -157.6682  -97.3576   -154.3089  -96.7106   -84.9710   -98.5257   -39.4943   74.9535    -81.1880   -108.9079  -156.3247  -72.7939   -140.0393  -125.2718  -84.4795   -126.7569  -143.9498  44.2050    98.4289    
-59.5175   -152.6519  -147.6930  -103.4823  -146.0565  -89.9039   -81.4888   -94.0215   -51.2241   66.4478    -77.8665   -112.6220  -129.4607  -86.5184   -144.2290  -96.6229   -73.4383   -144.0594  -133.0049  52.1425    85.6902    
-73.0741   -130.7045  -145.6803  -91.0411   -143.7671  -100.5600  -95.0206   -110.6582  -50.3880   102.4552   -72.2908   -115.9099  -147.9854  -96.0277   -134.6273  -97.2920   -83.7478   -152.4429  -147.6312  60.6393    82.8259    
-61.4951   -117.3123  -132.8629  -85.1101   -130.1104  -110.4576  -76.7978   -127.1977  -59.2419   71.3174    -62.9058   -117.5744  -154.4134  -78.8627   -131.0885  -94.7926   -75.9349   -140.0020  -145.1634  47.7476    90.8526    
-68.4959   -128.3511  -140.3582  -138.7456  -152.8987  -91.9548   -85.0767   -142.7788  -49.8330   69.4982    -82.5180   -118.2388  -136.7132  -95.8029   -138.0986  -103.0712  -78.9960   -150.1004  -148.8580  46.7592    72.0625    
-54.4998   -143.5442  -143.4583  -87.7303   -126.1816  -103.8213  -104.9009  -105.8003  -45.2355   86.8414    -88.3781   -92.7422   -146.5835  -70.6489   -136.0407  -110.7015  -79.7666   -138.8933  -140.2444  55.9267    105.0493   
-68.5761   -156.1969  -166.9784  -132.9407  -133.6735  -93.2278   -77.2357   -144.6594  -55.6221   78.6684    -86.0215   -111.5999  -133.7473  -99.0594   -145.0391  -120.4781  -91.9865   -97.4591   -143.7722  48.2141    82.0428    
-73.6916   -133.0307  -147.7769  -119.7851  -145.9209  -96.1580   -93.4222   -107.3942  -73.5492   106.1978   -108.2297  -109.9973  -153.3659  -81.2072   -157.7059  -119.5746  -87.2350   -145.6012  -152.0824  44.7057    80.2468    
-53.6671   -132.8907  -147.9758  -142.6509  -134.3232  -81.6743   -81.8205   -122.9020  -39.6405   68.7498    -78.2479   -114.5399  -152.0195  -87.2076   -130.6519  -120.0346  -68.0447   -149.4227  -147.8699  59.9840    67.0567    
-70.9007   -158.1896  -156.1196  -122.0298  -157.1966  -108.1874  -64.3389   -99.8968   -63.8474   76.0844    -84.2833   -109.3470  -154.8435  -67.3587   -132.5367  -118.6394  -84.5176   -140.8501  -143.2015  38.1116    77.0152    
-63.9012   -147.1499  -151.4986  -100.9871  -127.7795  -102.0095  -71.8607   -97.3703   -53.2266   96.2373    -63.1786   -109.2763  -148.3879  -90.0314   -136.1242  -108.4035  -85.1260   -143.5728  -145.6150  54.1027    92.4561    
-73.0826   -157.9916  -139.6507  -94.9371   -154.9797  -79.0889   -69.2051   -118.1351  -53.8763   79.6623    -79.3394   -69.6981   -149.2950  -75.0466   -130.4252  -121.2832  -82.1498   -151.0958  -139.7947  46.5146    81.9298    
-72.6066   -150.2340  -150.9819  -123.9573  -128.0326  -108.1232  -82.7571   -98.2175   -56.4027   77.7588    -77.4707   -148.1199  -155.7805  -80.9619   -120.5921  -91.0894   -73.6839   -153.9453  -143.5182  57.0765    78.7499    
-75.9284   -139.2814  -153.9564  -138.2483  -144.5950  -85.8157   -73.4298   -112.6364  -32.5166   89.1532    -62.6947   -103.6158  -162.7992  -88.5537   -141.0316  -97.2926   -71.1174   -149.7455  -155.5181  50.1771    89.2650    
-59.3021   -155.7827  -150.3539  -87.2085   -129.1437  -112.9352  -78.3483   -83.9956   -42.5923   121.0194   -71.2954   -123.6418  -165.8807  -69.7243   -135.6090  -126.0396  -71.2523   -143.0240  -142.0182  62.4418    82.1230    
-63.4128   -146.9848  -143.1451  -118.7172  -146.8789  -71.7970   -72.4595   -78.9510   -61.4357   86.6263    -84.7538   -84.8600   -164.1005  -109.8430  -121.9353  -97.8274   -79.8772   -169.9191  -141.9997  57.4035    85.5031    
-64.5443   -139.9040  -135.7436  -123.2270  -136.5033  -101.1686  -57.9875   -90.1216   -62.8767   90.5992    -101.5251  -110.7474  -152.3659  -78.7588   -137.0252  -104.4576  -56.3243   -144.6621  -133.9109  52.9364    86.2594    
-75.3484   -144.0662  -134.7408  -102.8275  -127.3642  -115.0017  -95.3912   -102.9776  -50.0619   75.6303    -77.3105   -144.1386  -154.8371  -72.0394   -136.9988  -119.3774  -84.1989   -146.9056  -133.9281  52.9136    71.2833    
-72.0120   -119.0724  -123.6729  -113.5282  -111.5009  -99.8558   -59.3687   -118.6582  -50.5651   67.3593    -88.7766   -149.5976  -136.0455  -67.2776   -138.4679  -105.5121  -62.0073   -137.6785  -144.2216  48.8078    64.2091    
-68.6036   -146.3091  -127.3005  -118.1390  -151.8745  -88.7495   -90.5540   -138.8015  -62.1314   70.8686    -64.3050   -148.7892  -149.9889  -80.5937   -140.5392  -89.3007   -91.3695   -138.6936  -148.2375  63.6637    74.0416    
-54.7972   -132.2911  -148.7168  -127.1563  -131.2979  -96.4793   -87.2983   -108.6074  -46.6008   91.9471    -68.6512   -129.2150  -152.2943  -74.6915   -144.8616  -108.9989  -82.0172   -141.3060  -141.7636  54.6360    61.4441    
-66.2270   -153.3292  -145.3276  -105.3992  -143.2157  -102.6797  -67.6480   -117.4840  -62.0176   114.2510   -69.7742   -122.1792  -153.8423  -104.1781  -134.8444  -96.2974   -89.0488   -154.2993  -132.1240  44.4434    94.6976    
-54.5121   -152.8724  -161.2462  -125.0334  -134.6677  -103.0886  -64.1555   -77.7378   -44.1749   99.0148    -65.8051   -146.7467  -150.4773  -69.0069   -141.5256  -101.6814  -75.2792   -158.3689  -136.7213  44.9010    75.5129    
-66.3893   -138.4207  -153.0720  -98.0486   -157.1427  -71.9786   -80.9874   -116.0134  -69.6084   88.8613    -77.0747   -134.2850  -136.0750  -73.2987   -95.5769   -111.8996  -91.8075   -120.1037  -150.6094  48.4580    72.7441    
-59.1581   -143.9518  -144.1836  -125.1666  -113.4435  -89.0906   -78.6464   -71.3994   -68.5775   81.2263    -90.5674   -103.6672  -142.7148  -92.7864   -143.7472  -100.3484  -95.2232   -142.7339  -134.9913  41.1931    75.6020    
-58.0475   -150.5294  -149.0874  -104.8118  -134.9257  -96.8155   -80.7104   -132.1963  -49.0140   88.2772    -71.2309   -120.3680  -149.5148  -69.0143   -141.1106  -131.7863  -74.8294   -128.5097  -143.1633  33.3797    74.2905    
-65.9589   -150.0632  -145.5629  -124.2080  -139.9761  -87.0226   -67.2630   -110.3053  -41.6056   79.7822    -65.1028   -99.4116   -149.1610  -63.2094   -147.1563  -108.1211  -89.4523   -131.7586  -138.6792  56.3325    75.7891    
-68.6868   -146.7873  -152.6181  -122.2884  -120.8641  -93.0530   -91.5709   -101.9667  -46.9202   96.0302    -65.7236   -149.2001  -163.3722  -71.3978   -140.9437  -144.1994  -88.1276   -139.6571  -147.3242  55.9509    65.7636    
-47.9009   -143.6987  -146.8828  -99.2469   -142.2650  -78.4936   -100.4968  -138.1050  -46.1015   67.8494    -73.5866   -130.0694  -144.6023  -81.8820   -152.3958  -123.3706  -91.3860   -154.5309  -151.0471  56.5343    69.2989    
-62.2302   -145.8745  -148.4829  -89.3963   -129.7353  -103.3451  -67.9605   -77.3096   -61.8485   80.3919    -83.4023   -126.1120  -136.0885  -73.2981   -150.8029  -126.5102  -74.5856   -134.0406  -131.5225  53.7421    85.6479    
-62.8541   -105.3871  -153.8612  -129.1239  -141.0907  -73.7174   -60.9975   -99.9396   -61.4527   117.0578   -83.1452   -109.7733  -150.5794  -76.9084   -139.6919  -132.8110  -58.8417   -142.0529  -143.4046  67.8510    62.3245    
-53.3971   -144.9154  -158.2206  -120.3191  -152.1609  -105.6424  -67.2921   -132.2240  -38.3416   61.7410    -74.9137   -148.2791  -148.0166  -72.7300   -142.1592  -119.1342  -76.4232   -143.4513  -145.2768  49.8656    82.8322    
-60.1182   -131.0639  -148.2030  -129.3705  -136.7033  -98.9365   -68.3645   -135.2726  -48.7433   84.2713    -72.6325   -136.7022  -140.1266  -65.6662   -133.9048  -123.2049  -75.9179   -141.2499  -136.1469  64.2090    80.9830    
-71.8922   -125.3800  -151.7035  -132.1719  -143.2006  -95.0514   -52.0876   -143.5907  -63.3869   98.4011    -81.2359   -139.4012  -141.8906  -83.1618   -134.3116  -110.2715  -69.7914   -147.2503  -148.1828  46.4951    72.7620    
-68.9580   -147.3732  -141.8277  -90.2726   -124.9004  -81.8352   -77.1024   -115.8602  -46.4708   77.7207    -60.9065   -143.0140  -152.5879  -63.1087   -143.1469  -101.1769  -74.3777   -159.9082  -130.4090  55.0541    73.0884    
-59.6375   -142.6709  -151.6188  -123.0444  -134.6102  -67.8652   -65.3658   -90.4477   -57.5854   88.0253    -65.4819   -139.1015  -143.5716  -60.7764   -113.3855  -110.5212  -85.4346   -128.8114  -154.1518  46.3108    60.5856    
-64.9687   -156.8486  -159.1114  -103.1843  -155.7756  -86.6298   -91.9697   -135.5805  -43.0077   92.9544    -85.8365   -128.2564  -146.4394  -73.9339   -125.6610  -124.6668  -81.4307   -147.0337  -147.2269  44.2843    58.3130    
-65.9832   -130.5522  -143.2723  -108.6152  -150.5852  -74.8887   -80.9697   -144.3583  -24.4583   53.8793    -78.7751   -144.7747  -151.1774  -89.8411   -124.3573  -104.3098  -65.2159   -152.2304  -131.0136  56.5863    85.7017    
-66.7533   -146.9546  -153.9311  -123.8550  -161.9874  -94.9050   -67.6679   -135.9621  -49.7639   82.9070    -89.3922   -135.7926  -155.0219  -72.5653   -150.7713  -102.6334  -74.0009   -140.7480  -146.8823  53.9967    98.8021    
-69.0359   -154.0695  -143.2424  -142.0213  -162.0614  -94.2246   -55.5694   -123.4485  -49.8436   77.0203    -83.1836   -136.1457  -156.0325  -77.7287   -145.2581  -85.3485   -92.2089   -119.2944  -145.2559  61.4916    82.2695    
-56.7286   -148.1987  -155.2153  -125.8706  -108.0967  -91.6049   -69.7621   -94.3256   -55.5909   89.7214    -97.8050   -107.5479  -146.9067  -91.2591   -120.9591  -116.2653  -68.5422   -167.2430  -146.8669  50.3665    87.6459    
-65.3302   -151.8932  -169.0639  -135.6528  -135.5273  -104.5781  -87.6432   -117.6466  -43.5763   82.5292    -85.3112   -109.0376  -140.6303  -80.1565   -136.5374  -90.2380   -69.3800   -153.2104  -144.6404  56.2549    73.8878    
-56.3022   -128.5941  -151.3651  -126.6769  -133.5063  -92.0495   -64.0419   -111.1508  -47.2207   125.1568   -91.9104   -136.4942  -156.6326  -75.8687   -138.4152  -130.1152  -80.9687   -137.1007  -142.6072  44.0860    71.5897    
-72.1988   -156.7958  -149.6217  -105.2392  -126.5163  -116.1210  -81.6699   -79.8556   -58.7204   108.7031   -81.5101   -120.1669  -145.3967  -64.3330   -151.6907  -122.2061  -67.4899   -139.4328  -154.4338  43.5733    67.0591    
-56.8632   -143.6816  -151.7466  -133.0884  -139.5702  -99.1737   -89.7969   -93.1542   -63.0329   67.7982    -69.4339   -128.3756  -152.5316  -60.9854   -132.5623  -119.0531  -101.8171  -147.2156  -148.9471  42.5806    84.1452    
-64.2609   -140.6316  -142.1849  -125.7176  -155.6197  -66.2209   -57.7798   -110.0081  -55.5861   87.2828    -80.5785   -91.0751   -148.6608  -92.9354   -142.1047  -122.4032  -64.8158   -157.5075  -154.4862  47.5980    64.5518    
-83.2328   -155.5018  -154.4737  -120.0878  -146.5809  -95.7012   -62.6913   -120.2828  -66.1195   93.0362    -64.6937   -95.3617   -156.8816  -55.9582   -148.9184  -117.7468  -77.2189   -141.8683  -146.6294  52.0452    72.9378    
-57.5319   -152.2492  -154.8439  -90.2410   -148.7832  -119.2464  -65.7255   -101.0354  -44.6622   101.0634   -80.0572   -109.9897  -148.9111  -71.4159   -131.7356  -122.3029  -73.9638   -137.3060  -134.0287  43.0338    87.9946    
-69.8396   -156.0681  -147.1470  -124.1919  -131.1733  -93.1563   -70.5532   -123.2195  -62.6178   81.8370    -72.3739   -106.2386  -158.0226  -72.9307   -147.5457  -111.9480  -79.8918   -146.2104  -144.6227  46.1117    89.0642    
-75.5375   -138.5925  -148.7615  -112.1856  -129.8226  -117.1168  -74.6040   -109.3154  -43.5144   70.4690    -65.6386   -75.6664   -152.8098  -84.0985   -131.7483  -95.1412   -104.2868  -160.2012  -146.9469  64.8048    64.2572    
-66.5474   -159.5232  -137.9770  -104.1697  -135.3564  -138.8228  -96.4967   -86.4143   -62.4018   93.4288    -61.8394   -93.6501   -139.0122  -87.7289   -146.2332  -111.4986  -66.9337   -162.3371  -150.5847  59.7787    101.4550   
-68.6224   -156.0121  -148.5559  -111.7903  -136.7594  -83.8145   -71.8960   -81.6544   -60.1827   102.1607   -62.0359   -86.2000   -164.6592  -77.9974   -154.1533  -96.3485   -80.7713   -131.7211  -150.3404  45.4687    75.3496    
-67.7507   -132.6866  -134.2361  -120.2893  -142.5018  -106.2023  -72.2825   -98.7575   -70.9511   122.9703   -64.8375   -123.2343  -157.7650  -76.2964   -139.7789  -96.4154   -69.7286   -132.3710  -137.8949  53.1007    63.6949    
-68.2476   -146.8081  -137.4258  -130.3651  -139.4595  -100.8232  -73.1531   -112.2443  -56.8834   69.4806    -67.0131   -122.0718  -162.7292  -80.5942   -136.1084  -83.9018   -72.7330   -145.0497  -143.0930  60.6861    83.9859    
-67.0686   -145.4477  -134.7281  -92.2998   -143.1011  -119.9237  -81.8676   -72.4207   -49.9151   96.8415    -71.4293   -133.4114  -155.1259  -69.2846   -131.4569  -88.4995   -77.2400   -141.3849  -137.6874  52.4330    79.8650    
-66.6485   -142.4333  -147.3319  -131.7182  -150.3574  -64.6130   -72.2809   -138.1288  -63.6703   91.9686    -81.3381   -130.6318  -160.2015  -62.7702   -114.3684  -112.4881  -79.3893   -147.0066  -144.3176  64.8425    87.3882    
-62.2363   -152.5579  -147.7189  -112.2444  -161.0206  -88.4624   -70.3057   -129.4643  -50.8749   100.9425   -80.5490   -134.5553  -144.4754  -91.9163   -120.4944  -107.7608  -79.7784   -155.5480  -147.8823  57.2009    75.0861    
-66.7974   -151.3085  -131.1377  -102.9471  -163.2825  -107.9846  -65.7143   -100.4180  -53.8393   96.6498    -72.3125   -111.3381  -150.4747  -70.0968   -134.4735  -109.2771  -68.0006   -152.6008  -149.2688  62.6136    87.6345    
-67.9536   -149.3994  -158.8619  -123.3497  -128.6690  -78.6420   -78.6622   -118.9677  -48.1439   84.0776    -59.5908   -126.6046  -139.4682  -62.8164   -139.0243  -128.5768  -76.6617   -130.5768  -135.5374  56.5901    82.3744    
-76.1675   -143.7107  -152.9910  -118.1632  -150.9916  -95.9290   -80.8574   -125.6755  -47.5128   79.1575    -77.0041   -136.3582  -155.3690  -82.0727   -132.6098  -94.5172   -66.3046   -133.3418  -144.5989  49.8945    88.0730    
-84.2254   -137.4529  -142.5999  -88.4779   -152.5387  -83.5633   -66.6704   -117.0081  -57.2189   79.9399    -72.1663   -100.1323  -140.4516  -78.0286   -141.2790  -111.0764  -89.0460   -126.4753  -147.0082  47.7283    70.6822    
-54.3017   -138.9044  -151.5815  -114.0613  -154.7387  -106.9327  -68.1716   -140.7243  -56.8149   106.0615   -48.2338   -106.7104  -153.5798  -94.7716   -137.3678  -103.7379  -75.0777   -146.8406  -129.3929  42.0496    85.9802    
-77.4708   -153.8784  -147.1126  -83.1805   -148.0245  -82.9114   -103.1646  -105.3278  -62.8648   74.0574    -52.0389   -75.6758   -148.3964  -73.7074   -140.5661  -121.9723  -93.7091   -137.2480  -151.6706  46.0554    92.7505    
-63.9348   -146.4783  -151.5864  -82.5711   -154.3594  -99.1626   -82.2460   -99.1610   -65.7495   116.0124   -74.8045   -114.4386  -135.3719  -89.7964   -132.9439  -111.0992  -67.0703   -151.4682  -158.0691  53.1394    63.2594    
-69.0175   -118.1456  -134.6835  -130.3776  -156.1786  -72.2924   -96.5715   -132.8827  -45.8691   103.0941   -69.4206   -111.5634  -162.5577  -75.7886   -150.9302  -92.3116   -92.4644   -139.6142  -148.9744  59.2080    62.2178    
-63.3275   -146.7963  -157.2554  -96.3249   -147.2347  -122.3218  -112.5060  -75.9908   -60.5936   93.2107    -65.3712   -103.3401  -134.5328  -74.8648   -138.6656  -112.5680  -75.0117   -154.6081  -142.7813  54.0172    96.4244    
-71.1126   -134.5953  -135.8571  -107.5458  -154.1078  -126.2278  -80.4579   -124.4310  -55.3962   83.6576    -93.3715   -124.2079  -145.4738  -83.0653   -139.5257  -120.6615  -83.8260   -156.9600  -145.0297  47.4230    71.0947    
-56.2602   -136.1597  -137.7639  -116.6516  -127.9715  -83.8499   -58.5143   -102.7953  -36.1617   73.2801    -89.5067   -101.1070  -155.7311  -75.0431   -143.7607  -110.5092  -81.9479   -142.1883  -147.7007  38.7128    82.1220    
-69.0104   -154.6258  -139.3183  -116.4166  -135.3742  -81.2899   -66.0794   -101.8836  -64.1842   77.5972    -86.2642   -81.5127   -158.8421  -103.8840  -140.2881  -93.7514   -76.1166   -155.5986  -146.0755  64.9735    64.4310    
-61.8612   -108.2841  -145.7850  -117.0514  -134.0862  -98.3113   -71.3897   -88.8874   -52.0625   106.5364   -71.7834   -74.2487   -139.8222  -109.8088  -86.1730   -110.7822  -87.5279   -151.6684  -127.2766  50.4422    61.0126    
-71.7894   -128.9112  -155.6534  -107.7790  -152.7681  -116.4488  -77.7506   -118.1115  -53.7078   93.1188    -88.3436   -86.6923   -153.0397  -112.0903  -127.5265  -130.7564  -68.0080   -141.6261  -132.4552  59.1551    74.9492    
-64.8656   -139.4174  -156.2145  -113.3972  -141.7268  -115.7084  -64.8039   -105.6236  -60.2452   77.0549    -82.6486   -104.2443  -145.5976  -93.8291   -94.6466   -107.0083  -101.8392  -152.1984  -150.2124  43.6738    79.8931    
-80.9238   -149.6974  -146.2347  -126.3017  -136.7747  -82.9325   -81.9331   -103.6317  -67.5139   78.3503    -70.1125   -61.1254   -155.0228  -105.5254  -142.2284  -117.2018  -75.9139   -114.4533  -136.1265  50.9562    74.4447    
-60.4020   -134.2707  -128.1662  -100.8973  -128.7947  -102.5667  -63.7211   -73.4647   -67.1141   80.2782    -78.4266   -66.0333   -157.2977  -56.2628   -123.8526  -124.5700  -86.3704   -124.4266  -139.6207  39.1979    73.4774    
-59.8058   -132.1577  -152.6564  -131.4322  -156.1550  -72.7337   -94.8582   -144.3949  -50.3339   82.8761    -78.6504   -47.6150   -151.5870  -83.8671   -128.7545  -110.2862  -84.9922   -132.5751  -135.9660  54.5109    79.5524    
-58.7167   -162.1195  -142.0462  -113.6718  -163.9023  -67.0394   -59.4061   -128.1418  -57.4704   72.8142    -79.8807   -82.1545   -147.7093  -108.2784  -128.4634  -77.8322   -113.8463  -141.1664  -145.5517  37.6561    71.8863    
-53.5743   -150.5381  -141.0395  -94.8595   -150.9205  -88.2471   -79.1221   -114.0264  -69.6306   98.5347    -75.9605   -75.8616   -147.6363  -75.2320   -140.6230  -98.1595   -85.9021   -132.3397  -126.0462  48.0519    65.4990    
-62.4618   -149.8529  -158.7339  -145.2088  -133.9067  -87.5593   -102.3073  -73.1092   -66.3288   83.4614    -74.3445   -94.0423   -132.0706  -78.6315   -144.9829  -121.5979  -92.4094   -134.3035  -146.0348  52.2891    72.7430    
-65.7898   -147.9129  -147.1132  -103.0449  -142.5019  -98.1765   -130.2484  -71.8537   -61.4674   70.7165    -101.8516  -78.4116   -142.9359  -98.4321   -141.6913  -90.6351   -83.6835   -130.9108  -148.7681  52.3364    70.1186    
-62.1333   -155.5608  -141.0527  -90.6390   -151.0065  -108.4796  -88.9333   -106.4516  -68.0249   132.5316   -80.9793   -123.1861  -136.7201  -110.6295  -135.0993  -107.7449  -81.2497   -129.7293  -148.3085  54.6243    78.0640    
