100        101        102        103        104        105        106        107        108        109        110        111        112        113        114        115        116        117        118        119        120        
-173.5522  131.2538   161.1364   -175.3812  142.2591   130.3333   86.9145    138.6011   168.8648   143.1007   -6.0772    144.9852   151.2765   149.2279   154.7401   127.0688   113.5726   124.9211   157.4046   145.1191   25.3157    
174.2928   122.3790   149.1387   168.1018   148.6555   151.2208   121.8613   155.3748   139.6181   151.9689   -25.4329   141.8442   143.8776   148.2033   139.5604   121.5798   111.4074   120.4083   161.0092   130.1217   25.6727    
171.9048   116.3561   167.7791   160.6191   132.3471   129.7195   135.0332   155.9333   148.3258   141.2586   -21.2366   153.8080   148.9141   171.1375   152.4757   134.5566   100.6400   117.9306   135.8645   115.5138   34.3013    
174.2554   127.7125   158.6225   177.3849   148.7938   129.4322   100.2967   140.4634   157.2762   139.7948   -34.3037   142.6544   146.4678   156.2680   148.9242   128.3933   89.4482    130.9031   135.1355   121.7097   36.1608    
170.2722   111.9221   170.3719   169.0160   159.9046   130.3687   117.9211   137.7281   155.1183   122.2197   -1.7434    130.7686   139.4101   163.4543   116.4442   143.6745   97.3762    139.0951   140.2295   115.8457   41.4722    
176.7988   138.6577   153.0177   161.2248   120.7027   153.5862   93.7476    140.4504   152.8114   141.5135   -27.6403   152.2479   157.7888   164.7282   160.4745   132.9574   110.2559   132.8117   134.4122   128.8511   37.8291    
173.5985   138.7915   152.0488   144.7519   120.8739   135.8260   137.2678   149.7945   164.5174   148.3995   -28.1133   151.9128   144.6885   155.4799   155.4610   130.6463   124.8764   142.4305   153.0877   138.5658   9.2720     
-174.0478  132.8247   158.1371   147.8146   135.2347   148.7845   154.4567   133.5697   167.3844   149.6432   -19.7132   126.6998   150.7227   151.6781   132.4134   125.3072   109.7624   133.4150   142.5200   132.8022   33.5118    
-179.1432  128.4532   163.3488   169.6574   139.5699   154.9849   134.6027   155.2645   151.9917   125.7655   -21.2665   148.0806   138.9232   155.2876   136.9522   130.8323   113.6105   137.9814   153.9471   122.3084   43.6979    
158.2267   128.5463   162.0842   161.8924   161.2905   141.8446   106.1048   119.1875   156.1016   134.7823   -11.6855   141.4633   153.3008   152.3204   133.3266   140.2743   95.3575    128.9491   118.1774   136.9419   13.4952    
169.1432   127.2043   163.2053   179.6883   155.8643   163.5518   126.6886   116.0637   151.1832   125.4328   -27.7116   142.8414   151.6221   153.2425   152.2953   103.1848   119.8786   138.1901   134.3251   141.2905   23.4337    
172.8551   132.8769   156.0120   139.8485   120.1916   142.0583   133.9669   124.6136   158.2968   148.5066   -38.1202   124.7309   145.8099   145.6910   156.8075   146.3316   111.0439   121.1054   141.7267   141.7337   22.2019    
177.9775   137.9900   151.7150   167.8198   126.1438   141.6464   128.5049   136.1713   163.0035   137.3248   -17.2830   141.9639   151.4483   144.4387   145.4568   121.1654   114.9745   138.3887   146.3978   127.1481   30.3472    
178.4514   129.1113   167.2607   161.5347   149.3865   146.5905   108.9223   137.5812   154.1961   136.6609   -21.4455   135.0166   161.9506   145.5661   144.7054   140.1937   122.1807   132.3535   158.1433   117.7626   44.6295    
176.5197   134.4259   158.4387   177.8721   140.5674   136.3036   121.1453   149.7137   153.9402   148.5716   -35.1454   149.0895   151.7011   145.9144   123.6810   138.2897   113.4696   119.3250   133.3799   117.9403   35.5198    
177.0699   130.9030   158.5088   166.8186   152.7396   140.7878   123.9854   139.6773   158.3741   136.7748   2.8826     163.2866   146.2708   151.8628   151.2303   137.7424   110.6968   146.8336   142.0893   135.2941   46.1389    
167.4361   123.0139   156.1193   169.8411   126.5667   120.5012   130.0205   121.0234   155.5656   138.8073   -11.8669   146.3324   158.4628   168.7040   116.5112   129.5607   92.2289    138.2325   144.9439   144.0733   22.9889    
-179.5035  131.2665   162.9605   152.3014   165.3052   123.8800   120.1255   140.1556   164.7128   128.7201   -8.5874    151.2935   149.0751   155.6246   152.5129   140.2658   111.7312   153.5786   131.9138   119.0749   35.2395    
176.0300   121.8827   157.7355   141.9620   130.2235   131.3445   127.7214   150.1980   146.5796   145.2763   -20.9493   146.9315   160.5731   154.4337   139.6881   150.9955   116.7507   150.3689   139.1667   127.0362   28.9107    
174.6411   129.9148   158.0932   167.1065   126.9543   146.8744   120.6279   135.4065   160.9158   132.1066   -15.5625   148.9493   159.5223   165.1093   166.0613   131.5802   100.3197   148.0942   136.5632   122.5121   52.7146    
170.4616   131.2438   155.0550   165.0360   139.2186   168.8996   128.0679   158.6390   151.5906   135.7946   1.2781     156.3967   165.9035   168.3559   121.4037   137.1649   117.2413   146.2871   150.6972   132.6274   27.2970    
175.5010   136.1815   163.6950   167.7700   150.5083   155.8575   130.5645   140.7309   156.5019   148.6400   -22.4930   156.6634   165.1233   150.4133   121.1700   131.0905   110.7926   151.3194   138.4426   126.6162   28.5889    
176.2109   128.9657   176.0657   159.2651   138.8473   143.1555   129.1646   142.0216   161.0885   149.0113   -32.4088   157.9405   147.1546   152.1435   114.9702   142.2851   115.3400   141.8886   151.3891   131.7044   31.7317    
171.9168   125.6712   165.5084   168.1185   139.7713   164.7139   130.7674   165.3214   151.9856   132.3602   -37.5297   159.2264   153.0961   162.2440   142.2517   124.0554   94.9361    145.9438   151.9440   120.5461   42.8035    
169.7321   133.8141   170.6212   138.9942   152.0096   161.7127   144.7105   128.1530   145.4993   131.6091   -13.7168   163.3800   147.9925   167.2806   144.2207   149.8517   118.4981   150.6848   138.7399   130.4719   19.9232    
179.2270   120.6803   142.3837   165.5244   136.1190   118.4846   137.5327   144.8418   162.3657   141.9328   7.3395     142.9103   138.6848   153.1063   135.4105   128.5105   122.2040   139.6154   144.5653   140.9578   18.9588    
173.0493   137.7946   151.7888   147.9005   151.8020   134.6492   112.9474   151.0609   129.1989   143.5022   -15.8634   170.0456   156.9261   156.9128   136.7045   130.9185   99.0194    134.1844   130.8584   125.0547   29.3373    
-179.2826  143.4861   162.2780   148.8994   119.0774   128.2311   113.0969   132.3898   152.2567   153.3268   -9.1792    151.8786   136.8659   154.6170   144.8562   137.6726   102.0101   150.6498   138.9460   131.2842   21.8600    
169.7349   133.3686   160.5350   151.0468   124.4010   171.3584   122.9763   158.3703   145.5643   128.4183   -2.4568    129.9707   149.3863   162.4985   125.8392   120.7709   111.2767   124.4412   150.4422   115.6358   40.9379    
-179.8224  136.7699   157.4757   155.1063   106.3915   131.8197   144.6406   138.5332   160.2659   134.6900   -27.2671   150.1501   151.4109   151.0973   138.6888   135.4856   120.8577   141.2058   136.8997   137.6494   28.1180    
171.3426   100.1283   163.1742   168.5915   142.4622   154.0089   129.5562   130.5085   152.5994   135.7105   -16.0710   154.3534   153.0447   151.6755   113.1054   149.6631   76.4164    137.9292   141.1767   132.7384   36.5359    
-178.8212  123.6279   154.9264   127.6994   149.6112   127.4339   116.5514   158.7505   156.1503   142.9571   -1.2500    149.9986   152.8970   141.0703   152.3495   116.8288   106.5195   139.2273   146.2685   131.8051   34.5729    
174.6382   113.4816   162.4069   152.9388   149.3484   147.4021   119.1470   155.7912   160.8292   147.5498   -21.3914   138.2139   151.2019   177.9859   143.5569   102.4670   92.7197    138.2569   146.4944   139.0027   29.4454    
159.3946   145.1720   147.5525   164.3310   122.9555   139.0909   138.5570   142.4905   157.5081   132.5015   -17.9196   148.2834   140.6901   162.7550   139.8427   126.8008   114.1606   147.4916   130.0898   127.8390   30.9287    
178.8263   120.5136   167.7784   168.7311   142.7458   131.7699   116.3456   158.1375   158.2057   155.1045   -23.8264   142.8547   150.0290   143.3976   122.7844   130.8281   109.2821   130.1218   138.2728   141.6931   26.8764    
167.6953   123.1782   150.0428   138.0745   107.1842   133.8716   119.3033   146.9397   149.3321   142.2610   -3.1022    142.3514   140.6484   139.0680   138.0050   117.3082   118.6500   140.8719   150.1763   134.2933   27.5481    
-175.9977  129.1736   157.8809   146.6063   140.8641   157.2877   138.3137   150.7859   144.0517   148.9065   -37.7260   155.3297   154.5538   161.4273   155.6695   133.2159   107.2074   126.2044   146.3595   119.3986   23.5624    
177.9643   118.4381   153.4531   164.2313   134.7945   149.6717   122.3828   122.1333   151.6601   125.8763   -4.9639    148.2105   158.4013   146.0922   155.5677   122.6191   101.4149   121.4518   134.4974   139.0004   33.1845    
-179.5127  137.3376   137.1764   142.3219   78.4371    137.1208   122.3060   137.5460   162.0280   142.6252   -7.1950    157.2240   172.0339   160.4298   152.4072   128.7990   105.3903   132.2609   142.1738   143.9053   32.5288    
-166.4568  136.4985   149.9094   165.0715   149.3027   140.3285   119.4827   155.1967   147.6355   140.2310   -33.0043   129.7858   152.2231   153.1714   154.2262   130.9014   111.9058   133.8685   144.0495   121.7546   36.0069    
177.7682   139.4606   159.9344   155.1451   132.8020   137.5399   109.8872   157.1032   163.8620   143.2182   -31.0295   132.8989   137.8164   149.3105   151.9385   114.4022   124.6574   146.8758   141.8475   139.8832   31.5461    
173.5089   114.8924   154.3167   159.8279   116.5329   128.6593   144.7545   149.4900   158.7269   153.0232   -25.2480   147.9265   143.0142   156.7031   146.5300   145.5208   105.3719   147.9437   143.4169   132.4563   10.7719    
-179.3337  125.1048   151.4788   163.6448   139.2393   147.0709   127.4600   160.0364   161.1736   121.2650   -24.1486   121.7643   147.0045   153.3413   145.6810   142.9382   115.2952   152.8467   132.0019   137.3127   44.1458    
178.2824   136.3878   153.3030   159.4916   138.9408   152.0537   160.9889   139.2055   139.6375   115.4402   -20.6105   141.6472   155.6108   153.4996   143.0189   97.9146    116.4636   149.2918   135.9181   139.7429   31.6065    
166.5004   131.0636   169.1911   152.8050   152.2414   166.3522   107.7180   147.3618   150.4172   143.4577   -4.8393    169.7466   135.8274   134.9610   157.0256   124.6013   124.9935   137.9924   142.1914   142.8320   32.1910    
-172.1469  120.9021   149.4428   148.2671   123.2020   140.9297   178.9070   148.2583   152.4422   138.2998   -16.0631   147.8676   140.2496   171.1348   134.8480   124.2217   121.1061   149.5140   145.6993   148.0282   23.6702    
179.2561   127.9579   163.8445   165.7698   165.1103   143.9920   138.9554   145.7368   165.3992   103.9007   -12.1151   149.3514   161.2101   146.8843   140.7086   134.6605   118.7199   134.1119   150.9505   129.8456   28.6794    
-173.5216  140.0773   149.5012   161.7245   130.8411   167.7438   109.6224   146.2721   158.8279   139.3740   14.0767    150.6773   159.4180   161.2981   135.4076   114.9302   92.5904    145.6665   145.5022   144.4709   21.3797    
175.1357   129.8728   156.0672   148.9678   159.9577   156.3431   108.2035   143.8897   154.3920   151.3369   -3.3466    156.5886   162.3586   163.3544   156.0596   134.0745   118.1430   143.0730   136.7043   132.5865   35.4211    
169.9032   126.8815   160.7458   175.6604   149.6383   150.6714   116.7126   152.0942   170.1931   116.5113   9.1401     164.5513   142.2896   150.2720   155.7021   157.2994   103.5063   147.4426   143.2197   139.3525   36.3757    
179.2614   141.3961   148.0989   135.9581   125.8341   156.8235   121.0380   136.8849   155.4490   152.9151   -16.1384   168.0956   149.1734   167.4678   151.7104   149.7374   119.1427   125.0724   133.8950   139.3932   41.3492    
164.6567   50.8483    149.2455   131.3904   132.2730   155.1232   130.7925   141.2998   152.2332   134.7931   -15.3136   171.4838   147.0946   146.7709   154.2399   114.3941   117.9665   140.3040   141.8975   131.9077   31.1991    
162.1872   143.5194   154.8608   163.4173   140.9121   141.3716   133.5712   137.7668   157.0776   164.5417   -29.4770   164.3604   144.7375   142.0202   150.4686   123.4602   112.2246   148.7558   146.0111   141.6434   27.2460    
-170.2828  141.0115   159.6825   148.0698   132.4129   148.6416   128.9478   135.6971   165.1573   134.4677   -17.8641   144.7501   143.1823   146.0465   138.5116   134.3179   104.5311   137.7169   132.1862   132.2126   41.0276    
170.4637   122.2590   169.5318   164.9146   131.2056   158.6736   133.0043   142.4813   142.5268   139.3347   -22.1943   140.6927   146.7118   157.9440   137.7035   147.5717   105.7754   143.2061   144.2487   157.3631   18.3282    
-178.6381  139.2415   165.4102   160.6727   128.4863   164.9961   120.2587   146.5284   155.6110   117.4837   -38.8203   146.1067   148.5152   154.7296   132.1747   129.1684   129.5054   132.6357   145.8378   142.6440   26.5204    
171.4123   114.5666   164.8665   160.9716   132.7299   174.1576   125.7504   150.4786   155.4578   153.3930   -15.8501   155.7703   161.7348   159.0505   115.6548   139.8638   110.6124   162.3656   152.9603   136.3101   40.8187    
168.5741   126.3060   158.6711   155.8137   154.2241   144.3145   135.2279   130.6031   155.4825   141.0227   -20.8857   154.5040   152.0199   144.9982   134.6484   116.1241   116.6679   140.6699   139.8988   148.8934   45.4143    
-178.9238  132.8991   160.0074   157.9220   149.7585   130.4774   99.5227    142.7569   148.0746   162.7778   -22.2895   176.9028   150.3963   156.5478   160.7715   121.3163   115.7375   140.0182   136.1523   121.2908   23.6267    
173.5287   124.6991   164.9830   156.4414   145.6733   138.7987   123.3986   140.4472   160.0493   141.4239   -15.9570   148.3758   147.7847   154.1632   150.6542   128.4809   121.9496   141.7434   143.2328   136.7032   23.6569    
-178.2095  136.7853   160.8816   171.1550   156.5787   160.0910   111.7484   140.9754   154.3078   143.8420   -4.5196    133.9321   150.4352   157.3363   140.0160   118.5330   116.3731   126.5912   128.5592   138.2039   36.8336    
-176.0285  135.4791   148.2345   143.8672   125.3959   140.5371   154.0287   113.3387   157.5669   145.8242   -26.5915   154.5211   158.0212   155.1714   145.8622   148.5137   134.7552   133.7827   145.2495   125.7430   42.6375    
173.3443   130.5381   170.4653   151.9760   118.5741   153.3682   128.7668   133.5910   156.3783   120.8208   -19.5647   143.1061   156.0350   158.6385   149.8381   126.6239   120.2042   146.3798   137.7156   139.6477   28.8523    
171.0196   128.1286   161.8778   172.8726   140.2599   134.6702   132.2236   121.7744   162.1265   139.1754   -34.9826   157.7137   163.7747   145.8830   142.2387   137.5198   115.2773   109.6666   140.1117   130.3944   20.3659    
179.0940   129.6844   164.2216   167.3678   125.6940   156.1196   116.5809   141.3442   149.3826   112.2100   -10.6642   149.5522   165.3104   158.3635   143.0350   130.7030   103.1256   142.9227   149.2579   127.8562   33.3378    
178.9145   86.8137    159.6132   154.9742   133.7541   158.0396   147.7780   123.6590   158.6955   134.9964   -15.6418   157.5917   157.4370   157.5040   142.2532   121.2950   109.4251   117.8655   148.0065   141.3606   17.2097    
173.0209   120.0379   165.6740   149.6909   132.6590   160.3884   131.1536   141.0294   135.2876   124.9208   -32.2352   167.2730   143.2688   142.3836   141.6157   141.6808   108.1441   137.1054   148.2990   146.4747   35.0400    
168.1986   115.6359   173.7177   112.5631   134.4790   141.7341   140.6042   149.1842   140.7968   130.8355   -28.5753   148.7383   137.8549   132.8201   150.1252   123.1761   108.4428   100.6211   141.9096   132.8350   28.4149    
174.9922   133.8787   167.4484   163.5162   116.0415   153.7552   124.7270   135.4009   163.1527   132.1833   -4.8749    148.7785   145.6672   138.2262   143.0738   124.8814   104.7525   127.6459   142.5784   128.7987   40.7361    
170.9630   127.5200   170.7288   148.9305   135.0857   168.4659   113.9957   122.6342   155.6681   135.1326   -11.5035   172.1503   144.8106   155.1223   122.2665   135.1395   104.0691   125.8743   158.6774   132.2025   33.1099    
-176.7943  124.3345   162.7522   138.8259   141.1039   132.1735   121.9869   144.9050   157.6034   130.0558   -5.6390    144.5895   137.5004   149.5720   135.1981   129.2895   119.1098   147.2713   141.6701   135.0827   35.0344    
-175.4051  121.4596   143.6004   140.3554   134.4033   108.7633   124.0511   144.5418   158.1973   128.0776   -26.3883   138.7266   150.7106   163.1182   145.0923   139.0531   106.6186   137.7722   150.1923   146.3367   27.3512    
176.0072   124.5108   161.8758   144.8512   110.9365   159.0955   115.7196   151.4422   159.7958   129.6353   1.5874     157.8480   166.2684   169.3518   147.1525   139.0413   107.8323   133.2458   139.2687   123.1208   41.6451    
176.9815   131.4990   140.4646   160.9966   137.4661   150.1324   123.8118   156.0903   158.1807   136.4099   -21.6854   158.9860   156.3455   158.0979   138.1065   123.3087   99.3243    127.2952   124.4546   130.1911   44.4477    
167.3243   112.2671   156.7596   161.8389   146.2398   161.3993   131.0133   126.2793   152.3312   140.3906   -19.4106   169.0051   169.0657   152.0871   146.2618   112.6673   120.5392   143.4575   143.3416   117.4962   57.7253    
-173.2329  136.0508   153.3218   155.4163   109.2217   169.1889   137.3423   148.4743   154.0235   104.7609   -17.9716   138.1897   153.9941   140.2682   134.5354   119.1603   100.0368   143.2427   140.4259   148.8443   37.1180    
159.6230   135.8720   168.6012   145.4562   137.3937   161.7393   128.2222   125.6488   156.8453   134.9090   16.4001    128.6313   154.6316   160.1434   138.1726   125.7101   101.1613   135.4232   137.8646   127.8876   33.1546    
175.3119   134.6393   177.1017   174.8581   144.7132   150.9386   109.6863   135.4624   160.6256   125.1547   -1.8114    156.3422   149.1017   163.6850   127.8767   132.2836   116.4760   139.8996   151.3658   128.1506   29.2970    
179.9433   131.0197   159.2667   151.1537   112.1030   164.7962   143.9342   152.2971   144.9541   126.4269   4.5869     146.6074   140.3946   169.7102   137.2006   131.8919   102.9653   123.1358   135.3417   153.0520   34.3895    
175.6271   126.4172   157.3669   175.6617   137.7211   151.3321   130.0818   144.2942   154.5766   115.1686   -11.9829   147.4224   131.1610   178.7396   143.7149   143.5605   95.7181    142.3770   149.0297   147.4601   45.1678    
169.8520   124.5639   137.3339   149.9686   113.5301   156.4724   109.0480   126.1891   164.6664   122.9995   -8.0458    127.8213   128.8113   170.1010   154.6673   120.3646   125.6625   141.7104   165.0451   147.7189   31.9571    
159.5068   123.5174   178.1564   154.9971   132.7776   150.6786   154.1299   132.7037   156.5189   126.4723   -20.9686   143.9086   130.8045   167.7349   152.9275   148.0465   104.7687   136.2051   148.4942   117.2127   45.3130    
163.9023   122.6271   168.4555   157.3383   119.3806   147.9468   115.5479   130.4327   156.9679   151.1076   -17.0911   162.1687   160.6536   151.0958   122.4039   133.8057   96.6425    125.4323   138.8225   117.5963   37.3571    
-175.9854  134.2282   157.8984   159.8932   135.7136   161.0230   150.0918   133.5045   153.2557   124.1448   -16.9590   142.8022   134.2913   140.9880   153.2647   135.4112   119.2958   148.8855   136.7071   145.6248   29.7517    
-168.2098  137.4333   147.9956   144.9279   133.9580   126.0967   153.0508   119.4117   149.6134   120.6136   18.3928    144.8082   150.5670   156.6829   147.7776   139.7280   115.2905   124.2137   135.5891   139.3444   19.2146    
164.0384   140.2198   145.5792   139.9775   128.4651   132.6222   117.7826   135.8352   148.6626   109.4409   -18.1736   140.7155   141.3521   157.5511   110.2418   116.7998   82.3292    136.4174   155.5001   124.4220   34.3219    
174.7544   124.9389   154.6529   153.2453   112.8903   128.3410   97.6711    153.0632   153.5515   141.6721   -11.2297   146.0834   151.7977   142.0263   148.4461   143.5522   117.1559   142.8898   125.6181   144.9597   37.0994    
173.5859   118.0972   148.3167   162.0014   138.4729   138.0796   153.2368   125.6852   158.8537   124.9789   -11.5872   146.5763   145.0891   150.3476   123.1230   136.0367   111.1791   116.8029   133.0105   125.9637   33.9164    
172.0953   138.0016   157.1843   -175.7119  159.7906   152.8458   119.6660   135.5927   150.9398   119.6077   10.0899    150.3078   141.7466   175.5018   145.5269   124.0227   115.6982   134.1174   142.8784   142.9789   37.5797    
176.3445   137.4803   140.8701   148.0858   164.3481   171.4122   117.7673   142.0816   158.2233   156.2870   -21.1526   131.6231   141.3849   158.8706   144.0548   130.1332   114.1829   145.4299   145.3099   122.0920   42.4910    
160.2803   124.3792   154.8283   154.3482   117.6525   154.0121   118.1131   151.7261   155.2336   141.6893   -2.1734    156.7569   155.3514   164.0656   150.8447   132.0397   120.6332   138.3048   149.8045   128.5447   28.8631    
-162.5943  133.7968   156.4566   161.2751   152.4761   161.2836   135.9457   137.4470   133.1012   159.4386   -24.3198   149.0722   146.2914   160.4008   143.4034   141.0178   102.8811   137.5797   147.9343   139.0829   33.2212    
178.6875   119.9317   144.7472   -174.5545  160.7299   159.7759   166.0665   147.0832   168.2588   136.7524   -8.2588    155.1537   138.3670   163.1456   153.5669   138.2901   117.7368   142.8486   145.1300   117.5790   34.6822    
-162.1910  139.4214   177.2673   -171.7446  148.4846   157.8819   137.3799   140.9954   165.8314   120.8084   -35.3801   157.4750   146.6100   150.3458   136.3658   130.4028   124.4415   152.5468   152.5135   121.8633   29.2921    
174.7158   136.9610   141.5223   174.3787   139.8356   131.5277   114.4475   128.5120   144.4747   139.0059   -8.9355    153.4337   146.7046   163.0986   139.1507   115.5131   116.2262   136.0786   143.2082   121.3672   33.0390    
-174.1441  122.0882   154.3346   160.2322   125.5016   140.6748   103.8175   146.4179   164.8472   135.9589   -22.0757   142.0851   151.1627   159.0725   130.7863   114.5283   97.0417    123.9186   140.2182   147.9993   38.6016    
-179.8089  133.6927   149.3781   153.4930   131.4651   169.2975   118.5112   140.7962   158.3211   132.1549   -18.4510   150.0736   150.6797   137.2704   140.3898   141.6041   110.4611   135.0991   140.9986   126.5262   51.6308    
-179.9290  123.8384   168.0867   152.1189   131.3458   154.1570   113.8155   150.0180   161.5095   148.0873   -27.0910   167.8031   150.1767   164.7561   115.6102   118.2024   119.9701   137.6331   130.5751   137.5235   27.5017    
179.2176   136.2694   172.5942   166.8148   145.4981   163.9025   136.6368   155.5014   161.9043   133.8238   -29.9679   152.0407   154.0106   152.9466   133.9236   116.8692   115.4454   125.9911   152.2606   140.8931   35.1418    
176.2986   133.0715   175.1483   177.1997   155.7077   130.6246   90.2535    136.7996   152.4300   146.8320   -24.5515   145.5532   153.4260   155.1063   149.5840   140.4840   129.6952   126.1817   127.4200   148.3030   33.6028    
160.8822   128.1783   173.9877   177.3988   148.8662   139.2605   110.9824   149.3901   158.9852   133.3474   -25.8736   150.3354   152.4551   157.7868   131.0132   137.4084   105.3697   137.0753   137.6008   145.8765   29.9056    
176.3691   139.0766   170.4431   173.8583   136.7150   109.8966   124.1879   142.7272   141.2465   135.2768   -22.8685   150.8050   144.2958   156.6803   116.1574   117.8525   96.6337    131.5835   148.7064   135.0345   29.9728    
177.8534   131.5367   152.5957   145.2308   134.1042   132.6137   135.4866   138.3263   167.4567   154.0342   -28.6750   157.5620   164.3625   153.5887   131.5056   122.4923   110.2781   89.7725    151.3749   139.3940   27.9800    
175.8930   137.8194   156.3137   175.2443   141.0181   120.4959   107.8573   153.6303   172.4966   142.7294   -10.5175   133.2441   146.9503   156.5433   143.5932   120.7393   118.0044   136.2642   137.6311   141.3469   36.1088    
173.2019   134.0033   155.5797   -172.5545  150.6421   166.6940   124.4701   140.5294   134.6877   129.6364   -30.4530   151.9213   157.5954   156.4699   138.5729   134.5404   129.4777   147.9181   146.8268   141.4818   25.4299    
176.3886   125.8727   155.1985   -179.2235  133.9274   135.1136   107.3999   141.4946   154.8559   131.1807   0.0359     163.9671   153.9464   155.6264   117.5842   142.1049   108.0853   145.2479   139.8910   148.3316   17.7143    
169.7542   92.4868    152.8377   170.4893   148.0631   139.4810   106.9458   145.5050   161.0548   143.8335   -25.0693   149.6692   148.3681   164.8295   148.9038   110.4882   89.6866    151.4381   141.8613   136.8047   35.3827    
171.7529   119.7663   152.4405   179.0648   142.7514   147.1350   122.1508   119.4685   159.4582   137.6030   -23.3723   133.8957   152.6290   150.2487   147.4081   132.0858   89.3269    143.0000   141.0520   141.9627   50.2576    
174.8240   107.1142   158.7524   145.0018   146.1314   141.3105   117.4520   151.1823   158.5125   155.7492   -21.7418   148.5704   150.2527   138.7027   140.2951   119.3508   118.3889   119.2266   149.9837   98.2956    56.8708    
174.9586   137.0861   167.7192   153.9218   147.8348   125.7885   147.4972   153.1112   168.8627   141.5654   -23.5809   154.3842   158.0182   152.3651   162.6111   135.1422   103.6860   133.6040   146.7621   125.1240   16.3084    
178.0540   119.2458   163.0786   163.4242   138.3344   152.1454   138.9008   132.8733   159.0260   148.3323   -50.1693   157.6123   152.3406   135.3590   139.4493   131.6765   107.0676   130.4660   143.2205   137.3766   32.8737    
169.0158   112.7850   152.7715   145.9910   139.3696   131.9287   121.5466   152.8207   158.9426   136.7242   -10.6392   147.7878   157.0624   156.0254   155.6742   139.8250   113.3434   161.4474   141.3696   132.9414   35.6511    
-172.9605  133.3056   167.3737   148.1732   142.4477   149.9091   123.4179   131.2478   146.8101   145.3621   -17.8055   159.2998   137.6391   145.4356   157.2053   146.1799   118.3266   144.3883   135.2221   146.4584   45.1307    
174.5574   126.5349   151.3000   166.2372   126.8022   135.2921   104.9594   155.5736   156.9442   122.8600   -44.2878   136.2711   149.7794   147.3446   146.9964   136.9780   121.6313   144.7699   133.0540   130.1740   34.8353    
170.0365   123.1612   152.5998   160.3920   154.5957   121.8566   124.0193   155.9591   154.6581   140.7525   -11.1047   152.2358   150.7490   128.7544   166.0637   117.8256   103.1924   133.3799   152.2129   135.8273   19.7406    
162.8381   137.4349   166.2294   172.1242   144.3664   124.9809   110.7038   156.3700   151.9429   137.3540   -34.4222   154.9731   148.2858   133.3445   152.1718   140.4621   123.1848   130.5593   143.7255   134.4185   25.8029    
-172.9348  121.4527   152.9812   168.6037   156.6549   138.9246   116.8569   156.9543   156.0894   125.3768   -27.2594   151.1932   152.7597   148.3002   154.0177   141.7455   103.2449   117.4790   135.1855   127.2868   39.2244    
-178.5189  129.2751   156.3047   175.5562   171.8405   148.4217   128.5719   155.8762   166.6168   133.9194   -14.2266   152.8634   163.8785   155.0378   155.1985   127.4706   119.2228   156.6144   135.0723   129.6551   20.8997    
-174.2189  115.6049   161.1234   166.4883   145.4025   136.3165   110.1639   135.7731   150.5928   122.2996   -28.4771   166.3402   153.0630   147.3082   154.8818   125.2542   105.7634   132.1048   133.5486   136.4350   37.8040    
-176.1025  131.3151   143.3380   155.0685   143.3873   147.4947   145.0339   142.2393   151.6588   137.9830   -29.9128   149.4837   145.0274   150.2333   154.5515   146.5998   113.3801   128.7116   133.4468   137.9403   43.2079    
-168.8513  139.3428   161.1588   146.7003   146.4949   138.1916   139.8297   142.3071   156.8387   132.0434   -3.0861    165.1036   156.6723   151.1364   157.8993   142.8356   110.9741   127.4723   142.3118   140.3165   27.6891    
171.3432   135.5606   162.9922   156.6545   150.8398   134.7160   123.6977   132.9238   148.3360   143.9258   -3.8204    151.6426   138.4968   151.8366   149.2094   136.0834   115.5350   134.0679   138.9644   133.2425   24.9400    
176.9460   122.5629   158.2866   151.7796   134.7063   144.1991   134.8589   136.8482   140.7451   134.6932   -37.5009   155.4955   155.9915   160.6799   146.4108   128.2584   112.2678   144.6196   137.4744   132.8288   24.3273    
160.8878   122.9305   139.9527   132.3325   154.1770   170.7020   130.1614   145.6626   159.4261   141.4177   -21.6522   162.5647   149.7204   152.2209   151.2698   127.5136   114.9926   129.1672   142.2477   140.0182   23.5079    
177.2615   128.1872   158.7644   173.0143   154.1667   156.4771   122.3377   161.3281   172.3372   128.7242   6.3720     160.1684   142.9874   157.7429   149.3755   126.6999   113.9534   144.0025   145.6894   122.5577   44.5283    
174.3428   138.6704   149.8295   126.2374   116.5262   163.2847   134.0824   136.3696   160.0212   126.1776   -7.4365    145.4840   138.2695   149.6103   145.8419   124.1512   106.9113   137.2702   125.9532   135.0008   20.1207    
-175.9553  137.4813   155.6566   169.5383   130.9759   138.7672   122.2894   154.8701   142.3432   141.8283   -18.2065   155.3861   142.9835   170.4289   154.2494   126.7385   111.6254   111.7930   142.6433   127.7670   34.3052    
-176.8089  122.9633   167.7896   171.5938   133.9113   140.7604   147.6597   166.2239   158.7946   119.6869   -2.2950    172.8045   146.4114   152.3273   173.1340   138.2951   121.3477   136.0045   140.9595   138.8629   30.6560    
170.1479   131.2945   158.6511   -172.7566  113.0313   126.2749   136.7630   137.7510   147.2498   144.6697   -8.2167    156.2807   148.6297   149.7111   147.1647   134.1739   109.1175   137.6239   136.3895   113.8721   37.6486    
-173.5192  128.1908   153.8413   167.2043   147.4954   164.3387   139.5504   135.7162   167.9291   142.2618   5.2817     155.6413   160.2550   140.4988   141.4417   140.2719   109.2151   125.2681   143.2152   129.4639   34.5460    
163.2408   139.8190   149.0289   152.6423   127.4988   137.3586   126.0220   137.2840   146.6406   140.5956   -34.9801   158.9788   153.9066   151.4569   146.3543   136.2053   117.7789   141.2240   144.5636   116.8308   34.9668    
-170.9061  141.2340   150.2155   154.1749   155.3346   140.6274   109.5473   143.0775   154.2520   144.6664   -17.3611   112.6912   147.1293   149.5569   141.4029   138.7674   118.7745   133.2453   131.6983   129.6522   38.5415    
-169.8162  131.6789   160.8457   173.1133   136.2116   160.7457   119.8207   134.0293   159.6132   150.1208   -11.3785   -176.2775  161.0958   153.6227   142.0550   131.5915   112.7673   142.5485   149.3152   130.5556   25.5298    
-174.6849  121.7710   163.7109   -171.6291  128.2509   127.5732   135.5673   142.3710   132.8653   142.8842   -44.1429   146.1797   160.2095   159.7986   153.9749   118.8616   104.8791   125.7362   139.8335   139.2909   17.4754    
162.7031   139.1609   145.9276   142.1095   121.6938   165.0853   141.7192   137.2259   123.3661   124.3719   -31.1848   170.4163   162.6970   150.4762   147.4073   128.8768   103.9401   135.2711   134.1752   136.2890   32.9705    
-179.6219  133.8383   148.6023   177.9012   136.4258   133.7529   126.9916   126.8500   146.9936   156.2220   -14.3050   140.4240   148.1214   163.8331   141.3669   121.0408   113.5483   162.4508   136.5227   135.3277   27.4370    
163.2283   122.4520   159.4442   173.6411   143.0050   154.8580   104.5218   132.4476   153.3724   134.7023   -3.9652    154.5674   152.9204   140.1765   150.4915   133.2244   97.8892    133.9484   135.8043   139.7455   26.2927    
171.5582   131.8527   156.9660   162.9996   132.0513   163.6801   130.4401   140.2359   156.4506   153.6044   -25.5690   -178.2691  151.8568   143.5873   149.0171   130.8131   119.2003   150.2833   144.4729   139.0952   31.6581    
165.2762   129.8059   153.4864   150.9266   113.4971   138.3421   93.1807    142.8141   156.5462   145.8191   2.4566     178.6739   149.2706   143.1970   150.4347   130.7833   93.7033    131.0011   142.3395   132.9313   38.3213    
173.5449   141.4875   158.7652   161.0632   142.0808   132.1492   133.2650   156.3486   160.8729   161.0344   -14.4805   177.6453   150.7632   152.5115   150.6013   116.7414   117.7212   124.9684   144.0413   123.9059   31.5397    
172.8172   114.3378   156.9307   166.3902   129.6481   140.1941   119.7652   145.6004   142.9060   140.8550   -29.9340   155.7171   151.1164   158.8481   163.4746   127.6853   116.4948   134.8914   140.2520   129.6052   46.0300    
-177.8125  147.7294   161.0632   154.2952   142.1878   161.6592   120.7383   142.9814   156.5127   143.2993   -37.7136   164.6442   155.7027   167.8391   145.5044   123.0478   113.3095   150.4215   143.6739   131.7119   48.0424    
171.4834   141.2956   157.5660   158.8442   136.7367   163.0742   130.9878   116.6944   154.8384   131.2226   -29.4744   177.7319   152.8587   145.9437   158.2581   120.5334   104.3408   143.1245   145.6269   134.3598   40.4766    
159.7503   128.9895   164.3630   149.1337   149.6906   105.3774   108.3286   155.1091   158.9312   134.7375   -17.2302   154.7191   132.8075   145.8053   113.2495   128.2659   119.6875   134.0694   134.0303   137.7692   23.1047    
166.4149   134.7428   157.8814   153.8525   116.6894   128.1952   122.3798   115.1813   142.8816   154.5630   -21.7186   150.7654   147.5350   153.3895   160.6652   123.1623   134.2248   136.7562   139.9949   124.5134   41.6015    
-179.7116  133.4787   165.3288   165.1604   133.5329   147.4247   129.7063   161.5997   154.4845   121.6184   -14.0561   171.0830   153.1848   147.4595   147.2905   132.8675   119.7491   145.5080   143.7906   138.4937   55.6125    
178.3613   128.6309   153.1037   174.2325   147.2195   141.3008   116.4805   144.1536   153.4031   147.1397   -13.5072   150.1481   153.2756   137.6053   152.4059   125.0581   126.8230   117.7341   136.3340   149.5369   27.2773    
-174.1682  129.7236   154.1574   163.5119   122.2728   140.9051   131.9819   150.6018   141.0249   134.4837   -20.8158   177.1282   157.0690   144.9668   154.8208   152.5481   118.9404   131.3749   143.2330   125.2271   28.6146    
165.2444   119.0363   151.3882   161.9512   138.2939   126.4029   140.6094   157.6605   154.2145   133.5025   6.5015     168.5230   157.1190   159.7176   173.4265   130.2948   112.4463   139.2962   142.3024   131.1150   30.3949    
-179.3931  124.8557   167.5281   148.7505   136.5867   144.1597   121.1132   130.1213   148.3702   138.5941   8.3410     160.4958   128.9686   140.7839   162.2715   124.7166   103.5195   127.0914   132.4454   138.1455   25.5532    
170.2455   103.6460   155.7026   179.5048   127.9650   129.0700   97.7361    133.4874   141.4699   122.9361   -30.9008   151.4983   148.3349   157.1964   153.2350   149.6967   95.8895    139.3215   148.7724   127.0405   33.5135    
173.6207   120.4582   161.8735   172.5403   159.5888   152.8786   118.1866   160.3504   148.2668   138.5665   2.5112     178.8878   152.9184   142.5999   147.8245   131.6783   125.0235   142.0495   158.4928   124.2882   26.9950    
-179.4344  125.8539   151.5900   158.3929   131.9761   154.6247   118.9047   143.0908   139.7968   139.2242   -19.8538   168.0777   140.3559   147.6478   145.1424   150.1393   106.9591   131.1183   142.8392   125.2502   33.7492    
-162.3190  120.7623   148.2332   169.4013   156.0673   142.2214   93.2283    158.5645   147.8140   140.4554   -17.9140   -177.2111  146.0463   157.6299   155.2802   134.9746   102.4934   138.2658   140.0206   123.0688   43.9147    
-175.2847  135.8102   149.5703   132.1700   106.3848   119.0648   130.6691   146.4355   157.1699   143.8158   -32.9810   164.4515   146.3092   142.2868   154.7405   126.6364   114.9620   137.8767   146.2916   132.4440   36.8635    
-172.6286  126.1428   146.0992   161.2655   144.7402   125.3785   106.3867   118.0763   154.6385   149.4492   -31.1250   165.9548   152.0582   142.2814   134.6953   138.9032   109.5929   126.4759   146.2020   141.4742   45.2230    
-179.8657  135.2427   159.6795   169.0919   161.6171   132.5826   137.2896   157.4274   149.6853   131.0526   -18.4888   164.7037   157.8006   145.7243   148.7315   141.9134   102.4305   140.1545   145.4554   145.2470   35.3664    
-177.0663  121.5025   151.4018   158.9683   155.4028   135.8133   131.8941   169.0137   152.7413   137.3235   0.5109     174.1319   148.8882   163.6066   140.9867   137.8564   110.7417   152.0844   131.4388   130.1180   28.1732    
-173.9696  124.3082   152.5813   171.7594   166.3892   154.1935   122.0530   162.7155   158.1452   146.9515   -5.8728    170.0894   159.5508   156.2464   161.5314   113.6683   117.4921   148.8767   155.0550   117.9680   28.5740    
-177.5808  141.1150   152.8093   174.8873   166.8119   143.0289   107.1076   148.2035   162.0897   148.4832   -10.7714   164.6484   157.0673   151.3289   151.0799   109.9870   116.7925   121.9795   140.4790   128.9674   25.8103    
171.5814   144.2666   162.8150   166.8233   139.2999   142.2283   108.2214   138.9426   157.0488   138.6140   -9.7075    149.6380   156.5426   154.4204   142.6679   142.6112   114.4069   160.4436   128.3921   129.5546   29.8900    
-175.3692  127.1537   168.5858   179.1472   138.1376   151.4030   135.6674   159.8367   162.5465   124.3641   -3.8098    139.3887   151.4443   143.1637   162.3018   122.4212   111.0040   148.9059   157.9825   124.5204   29.4413    
169.5654   120.6832   166.9661   174.5148   153.7529   136.1970   92.9270    145.5877   146.2918   112.9828   -25.0729   151.0280   156.5380   145.8997   154.4721   141.0235   114.1305   143.5215   146.3927   133.3917   38.5345    
-167.9732  133.1786   155.7409   166.6862   136.3280   167.7703   125.5505   127.2567   157.5838   120.1056   -21.1777   159.5968   149.3338   143.0486   158.2542   139.4475   112.7003   129.2825   149.6698   142.3371   36.2474    
175.8627   130.4607   172.3677   -172.0261  148.6780   148.3310   126.1846   129.1730   163.8242   151.9157   -12.7400   158.2106   160.6271   148.6121   155.9583   134.3674   133.2535   149.9720   139.2973   119.3032   47.3371    
168.4435   132.6892   142.4822   173.0307   145.5321   127.9185   117.0478   136.5449   153.3413   128.4876   -9.2746    152.8257   154.5987   144.4834   148.7808   147.7350   105.6588   147.5163   150.7653   149.7746   38.3065    
-162.7802  136.9951   155.2084   174.2106   138.2831   135.6836   108.0153   149.8367   169.7181   115.2535   -4.4318    144.2793   163.1633   135.1186   153.7442   129.4468   108.8915   132.1180   148.0148   136.1062   38.3159    
169.4825   124.1846   155.4351   141.3331   150.1565   166.4782   113.4142   141.6070   134.4840   130.5246   -15.7229   154.2807   162.3217   144.3463   151.2301   147.1812   109.3049   131.8928   141.9025   128.9605   35.4399    
179.2967   138.6461   165.7461   157.3513   118.7042   145.9777   126.7775   155.6682   164.7721   148.2648   -24.2333   157.5197   159.9027   138.7083   157.3146   138.1759   115.4292   133.1016   143.3827   129.0866   37.3688    
-179.7422  118.8525   161.8096   171.1335   129.4862   164.2385   121.8716   138.9057   149.3680   150.2029   -21.4845   146.5529   146.2073   145.6416   144.4665   118.3721   119.8492   130.7050   136.3479   127.8072   16.8437    
176.3519   127.2065   157.3958   165.2385   127.1339   -175.0759  147.5827   133.8724   168.1329   122.8002   -22.4231   152.3918   150.7028   153.7577   156.3746   138.8424   111.3862   137.9318   151.6268   120.1470   27.9409    
-176.4981  133.4270   158.9353   164.8536   127.5879   135.3238   117.7643   114.3404   155.1331   131.3029   -33.6540   138.1801   161.9819   146.8868   156.5968   136.7678   126.5404   115.9253   135.0286   136.3985   30.5313    
169.7673   126.5408   160.9700   170.0057   142.7708   158.5816   124.3782   135.5265   156.4002   112.2992   -33.0674   161.3788   153.1667   146.0211   151.1313   131.7467   118.9077   117.2057   132.6418   131.5858   37.3920    
-171.4214  131.8655   150.1812   -179.9259  157.5571   152.4186   102.2488   150.4424   171.5345   147.6029   -17.6942   142.6176   156.0534   155.7777   144.5106   113.0940   108.8190   125.2114   146.0548   128.1517   23.1338    
173.0184   129.4936   159.5143   160.5307   146.6213   151.5033   126.6010   129.6342   149.2080   134.5781   -31.7071   172.4237   147.8907   147.3153   149.5309   111.0372   113.3823   135.0070   143.0138   133.7799   32.7839    
174.2007   128.8137   157.3499   169.5365   150.4374   122.4712   114.6138   157.8558   169.9706   141.5220   -15.8144   160.2287   161.6302   162.5585   132.9663   134.8948   118.5340   140.3158   145.6333   127.3834   21.3511    
157.1666   123.5888   164.7772   161.5298   153.7128   157.4287   138.3290   150.2877   145.7633   134.8310   -23.8210   161.5369   142.3866   146.0133   134.1129   118.1858   108.9685   140.6927   134.1952   135.5047   34.3085    
-178.7687  136.1671   154.2490   160.2976   145.0799   149.3320   133.0629   149.3976   138.6055   129.7295   -21.0079   153.3475   142.6595   155.2749   144.2356   127.3979   115.4053   128.4554   154.5083   111.8389   29.0105    
163.3395   128.6656   167.9309   173.6017   134.2142   129.2025   122.9580   144.7906   159.0956   136.6637   -21.2299   157.7928   145.1407   147.2376   150.6934   138.4736   106.0283   147.3512   145.4106   133.9692   28.3093    
-178.5795  143.1048   157.4819   168.2524   156.2981   135.4846   123.7189   148.1715   157.5734   145.5629   -21.2183   158.0076   149.5100   159.6768   153.8850   117.0316   123.5599   129.9859   139.2802   130.0967   28.2060    
-167.8853  120.3418   155.3109   150.7637   136.1113   127.3705   135.9878   140.2382   159.1023   147.0008   -21.4919   144.6389   147.8181   149.3045   146.5723   134.9157   122.8406   113.0720   139.5107   137.5631   30.2165    
-178.4276  122.3794   160.1515   153.0607   135.2731   160.1528   124.7795   169.5175   147.7614   139.5097   -34.2284   147.0371   154.5470   157.4756   155.9499   129.6528   117.1469   138.8142   139.1136   126.6859   44.5332    
-178.6277  135.8709   165.7845   138.7070   134.2761   152.9538   160.9668   145.0006   159.0938   154.1098   -25.7181   126.9939   144.8978   136.8575   147.2559   144.5191   127.8817   133.5040   150.9377   139.3222   21.2014    
-179.0064  134.9879   170.8614   155.5288   155.6795   158.4257   143.5929   138.3275   154.6966   123.5193   -7.5591    158.9270   146.6214   160.7802   145.4754   142.1957   116.1120   138.4797   147.1113   130.8271   35.5726    
-179.7778  119.0506   137.2500   170.2606   136.1423   128.9541   151.7385   148.1588   145.6355   137.3414   -31.8726   145.4753   150.9032   155.2265   164.2814   110.8146   125.8975   133.0993   147.7354   134.7911   40.8936    
177.9404   128.8592   157.6105   150.4535   148.9213   170.3975   156.9683   117.8866   157.1366   128.3531   -5.0270    158.6543   146.4441   146.0757   148.1690   137.2850   122.4175   145.6688   149.1683   119.8345   30.9001    
179.3064   129.7063   148.1917   145.8301   140.0424   165.5972   132.0291   155.2081   161.3107   134.0167   -0.1701    157.7737   142.1358   157.5056   157.0047   142.8828   116.5883   150.8584   136.2565   130.0424   25.5182    
158.3562   130.0286   156.3888   149.2756   111.2624   131.7605   152.1533   134.8148   134.1864   139.3733   2.5146     150.6520   148.9960   142.3993   149.9423   128.4632   132.6832   140.6773   145.8006   136.9312   40.9013    
174.5159   140.6050   157.3267   173.4040   135.2590   137.3837   134.5531   137.3170   140.1836   142.9506   -6.5338    114.7682   153.3440   -177.3770  163.3474   125.0366   112.1071   146.4829   142.1560   120.9133   35.9038    
161.9959   92.0358    152.1835   -175.9666  142.1614   146.1624   123.2009   135.2768   126.3944   131.2728   -41.4180   159.7520   139.6592   161.0297   117.3805   131.7388   120.1772   153.6274   127.2733   155.1307   17.4185    
167.5560   120.1150   165.7424   158.2504   149.1913   165.7565   143.1883   140.2634   128.2882   136.1005   -15.7694   145.1235   152.7035   -177.1793  142.3971   141.5397   112.8460   141.5826   135.3255   131.4112   32.0603    
-173.6102  116.1357   154.7866   152.8304   145.6275   163.4420   140.7557   137.3217   137.0593   145.3069   -5.0235    156.9924   149.8623   154.8101   121.2691   143.5286   133.8076   145.1488   139.0929   139.4070   36.9421    
-161.7372  136.3638   157.1850   163.4270   126.1976   148.2173   120.9626   157.5997   160.1097   156.4906   -28.1030   120.4190   149.3417   158.6944   148.6298   130.8176   114.0366   122.8239   147.7306   135.5128   21.0953    
-178.1241  128.7155   137.2516   143.4221   127.8049   142.6535   87.9514    139.1669   152.9966   142.8752   -14.2796   124.9827   156.7808   124.4028   148.5241   153.9258   104.3542   118.6671   155.1449   138.8645   47.4239    
-174.1150  123.1126   167.4537   176.5063   146.5715   144.4916   130.4853   173.7294   152.9802   131.2437   -30.4122   90.4225    145.5239   147.6245   156.8082   140.0475   116.7524   144.0857   154.4197   152.3641   21.4968    
170.1551   136.1451   154.6384   161.2317   147.4032   129.5533   126.8446   164.4951   163.1992   128.5549   4.9964     122.2975   138.8559   161.7452   139.3879   111.7833   137.4429   131.3347   147.4155   137.2941   37.9776    
174.4421   134.3481   156.9262   163.3000   150.9090   139.4911   97.6625    157.5080   153.3316   139.7412   -14.5100   127.1683   144.0562   139.1587   157.4816   125.4538   112.2481   130.8731   132.4105   160.7754   22.5451    
179.6324   132.2882   151.7681   -175.6277  142.5447   154.5797   127.4891   133.1865   155.3207   145.3921   -13.6859   140.1960   133.5848   150.0477   152.1913   123.7508   117.5760   134.8062   147.6348   131.8362   40.6118    
179.6193   137.5346   163.6928   155.8341   125.1239   168.2209   -178.8497  148.1967   149.9478   136.4878   19.5622    137.7486   152.4317   163.8084   156.8044   132.3841   119.8813   131.4859   146.3777   143.6612   27.0127    
176.2931   144.4636   154.2801   157.9948   143.2824   157.9652   133.5689   131.7664   155.1151   112.4102   -31.8994   175.6206   141.9686   166.0436   150.2755   125.0247   118.4769   127.2142   156.8193   122.5566   47.1928    
